 15 12 10 8 6 4 2 0 -1 -2 -3 -5
13,7495 0,70427 0,462404 0,604693 0,7214 0,721937 0,510962 0,550594 0,272565 0,319092 0,635076 0,579315 0,146175
13,766 0,719174 0,44953 0,598705 0,717209 0,730114 0,522583 0,566909 0,269299 0,316155 0,634027 0,574583 0,136157
13,7826 0,735481 0,437009 0,59397 0,713088 0,738221 0,539418 0,584221 0,273753 0,318558 0,633153 0,574583 0,135246
13,7992 0,753191 0,423711 0,590976 0,710853 0,746189 0,559771 0,605592 0,277316 0,320961 0,64207 0,567598 0,137067
13,8159 0,76629 0,407229 0,585057 0,704707 0,750762 0,57736 0,621754 0,2788 0,318558 0,644343 0,557909 0,134335
13,8326 0,779723 0,390535 0,578163 0,698142 0,755335 0,595578 0,635236 0,282363 0,323098 0,650813 0,55498 0,12796
13,8494 0,790349 0,373205 0,568623 0,687037 0,756513 0,611094 0,645423 0,282067 0,323632 0,647841 0,551149 0,130692
13,8662 0,801176 0,355167 0,559989 0,67684 0,757622 0,625165 0,66059 0,282957 0,328705 0,65396 0,549347 0,117942
13,8831 0,810867 0,3372 0,551146 0,666923 0,760047 0,640304 0,671543 0,284442 0,327637 0,651862 0,546417 0,119763
13,9 0,821359 0,319092 0,536383 0,657424 0,756305 0,653559 0,681731 0,282957 0,325234 0,649239 0,535602 0,111111
13,917 0,829245 0,302752 0,520577 0,648065 0,753742 0,663484 0,691536 0,287411 0,33004 0,644169 0,526814 0,102914
13,934 0,838535 0,289029 0,505954 0,642199 0,749792 0,673158 0,701111 0,298397 0,330841 0,634377 0,515322 0,0983607
13,9511 0,847424 0,276862 0,490774 0,635564 0,746397 0,683523 0,714133 0,305819 0,338051 0,633677 0,513745 0,107013
13,9682 0,854508 0,264908 0,472251 0,626833 0,739676 0,691752 0,721869 0,308195 0,338318 0,626158 0,498873 0,0910747
13,9854 0,862594 0,25557 0,4554 0,620687 0,735449 0,704127 0,724933 0,313242 0,342323 0,63018 0,496845 0,101548
14,0027 0,868075 0,247011 0,435207 0,611398 0,730876 0,709153 0,726695 0,309382 0,338852 0,625984 0,487156 0,102914
14,02 0,87155 0,23916 0,41564 0,600782 0,723115 0,710283 0,725316 0,306116 0,326836 0,61864 0,476791 0,103825
14,0374 0,878567 0,233642 0,398301 0,593658 0,717988 0,711602 0,726695 0,307601 0,324967 0,619689 0,465976 0,114299
14,0548 0,881842 0,230671 0,381032 0,583531 0,708911 0,710032 0,72432 0,305226 0,320961 0,613219 0,45854 0,118852
14,0722 0,88378 0,227276 0,365852 0,572566 0,703368 0,707708 0,722252 0,309086 0,320961 0,616541 0,457639 0,126138
14,0898 0,88672 0,225437 0,349558 0,560623 0,697894 0,709027 0,722022 0,300772 0,314553 0,602728 0,4484 0,122951
14,1073 0,891399 0,226356 0,337163 0,549378 0,695191 0,712419 0,721946 0,306413 0,321495 0,600629 0,447499 0,129326
14,125 0,896812 0,229469 0,327763 0,537086 0,695261 0,714241 0,722329 0,309976 0,33004 0,595034 0,445246 0,130692
14,1426 0,904431 0,231166 0,317666 0,525003 0,697131 0,716754 0,725239 0,312648 0,341255 0,599056 0,449752 0,130237
14,1604 0,908708 0,234845 0,308057 0,511594 0,69824 0,718764 0,728457 0,316211 0,355407 0,590663 0,443443 0,132969
14,1782 0,914255 0,241211 0,30172 0,499302 0,697824 0,723035 0,727231 0,313539 0,358077 0,586991 0,441866 0,136157
14,196 0,919067 0,244465 0,297333 0,487778 0,697201 0,72649 0,725699 0,317993 0,36235 0,58227 0,436683 0,130237
14,2139 0,922743 0,250619 0,293712 0,474647 0,694221 0,731453 0,720797 0,325416 0,372764 0,577548 0,439387 0,132969
14,2319 0,925216 0,256207 0,293294 0,461028 0,686807 0,731579 0,718116 0,329572 0,383979 0,577024 0,440063 0,14071
14,2499 0,92027 0,257905 0,286818 0,442799 0,674335 0,723789 0,706013 0,3269 0,377837 0,563385 0,433303 0,12796
14,268 0,917931 0,261937 0,284242 0,423593 0,658745 0,713801 0,696974 0,332839 0,379439 0,554992 0,425868 0,132969
14,2862 0,912584 0,265474 0,278602 0,403408 0,638442 0,706326 0,681348 0,335511 0,383979 0,542927 0,418432 0,135246
14,3043 0,903428 0,266605 0,272892 0,381618 0,615992 0,695647 0,662275 0,338183 0,377036 0,525966 0,404912 0,145719
14,3226 0,889193 0,267171 0,263979 0,359338 0,585643 0,676299 0,635465 0,334026 0,359947 0,505858 0,387337 0,144809
14,3409 0,872018 0,265756 0,254857 0,337058 0,553423 0,657391 0,602604 0,322744 0,342323 0,482602 0,376296 0,147541
14,3593 0,853839 0,265261 0,247337 0,316874 0,521203 0,637917 0,572884 0,319774 0,3247 0,463543 0,363452 0,153916
14,3777 0,832253 0,262644 0,238841 0,298715 0,486973 0,613606 0,543547 0,307898 0,31215 0,44221 0,348355 0,142987
14,3962 0,812137 0,264059 0,235986 0,284537 0,455516 0,594321 0,519877 0,305226 0,307343 0,429096 0,337089 0,145719
14,4147 0,794226 0,267949 0,238424 0,276505 0,430225 0,580878 0,507315 0,304038 0,311081 0,419654 0,337089 0,149818
14,4333 0,784134 0,277216 0,246849 0,272384 0,412625 0,573403 0,49483 0,310273 0,318291 0,420003 0,345426 0,15847
14,452 0,77685 0,287473 0,258826 0,273013 0,399321 0,570136 0,488931 0,311164 0,327904 0,413709 0,353988 0,153916
14,4707 0,771503 0,301266 0,273867 0,274689 0,388373 0,568943 0,485255 0,313242 0,332443 0,409687 0,366607 0,158925
14,4895 0,771503 0,31796 0,291623 0,282023 0,383661 0,568943 0,484336 0,317399 0,33992 0,422102 0,385534 0,168033
14,5083 0,77157 0,338261 0,311817 0,289077 0,379088 0,57089 0,484106 0,325416 0,350067 0,428571 0,405363 0,175774
14,5272 0,769364 0,361816 0,329086 0,297807 0,376524 0,571895 0,487093 0,337589 0,352203 0,437664 0,424516 0,189435
14,5462 0,766624 0,385867 0,346703 0,30961 0,373891 0,569382 0,485484 0,351247 0,365821 0,443434 0,448851 0,204918
14,5652 0,763684 0,412747 0,362231 0,322112 0,373198 0,563666 0,484872 0,36253 0,377837 0,451827 0,467553 0,233151
14,5843 0,758471 0,441395 0,377272 0,33636 0,372298 0,555625 0,484565 0,368765 0,393057 0,46057 0,482875 0,25592
14,6034 0,751855 0,471599 0,391407 0,352843 0,371674 0,545072 0,481884 0,380938 0,40267 0,471411 0,497972 0,286885
14,6226 0,744503 0,50145 0,40798 0,369046 0,373891 0,536968 0,479969 0,394002 0,420561 0,481378 0,519603 0,302823
14,6419 0,736483 0,532928 0,423438 0,385179 0,375346 0,527483 0,474914 0,399941 0,438985 0,495191 0,537855 0,321038
14,6612 0,728464 0,564193 0,440777 0,404107 0,379227 0,518814 0,47522 0,401425 0,449666 0,507781 0,567147 0,326047
14,6806 0,720176 0,592629 0,460483 0,419891 0,382068 0,506941 0,473841 0,405879 0,453939 0,519671 0,588779 0,334699
14,7001 0,711889 0,622692 0,485342 0,436653 0,390729 0,496074 0,474071 0,413896 0,461682 0,533485 0,61379 0,357923
14,7196 0,704337 0,649289 0,512847 0,453764 0,398628 0,490043 0,472692 0,41924 0,46275 0,545725 0,643984 0,368397
14,7392 0,698991 0,675744 0,544948 0,470247 0,411724 0,483133 0,476599 0,435273 0,47263 0,567757 0,678909 0,396175
14,7588 0,691973 0,695338 0,577258 0,482889 0,426136 0,478296 0,47882 0,446259 0,475033 0,585417 0,707301 0,415756
14,7785 0,688097 0,715428 0,613397 0,498114 0,44332 0,475846 0,483876 0,45576 0,480908 0,60028 0,73817 0,455829
14,7983 0,682216 0,732616 0,646961 0,510965 0,45995 0,471638 0,483876 0,453682 0,483578 0,609722 0,760928 0,470401
14,8181 0,680545 0,75023 0,682543 0,529683 0,480668 0,474841 0,488548 0,466746 0,494526 0,619514 0,789995 0,509563
14,838 0,677137 0,764094 0,715688 0,549099 0,497228 0,474967 0,491919 0,471496 0,50494 0,626858 0,812753 0,532331
14,858 0,674865 0,778241 0,74382 0,573474 0,513165 0,478987 0,497204 0,473278 0,516155 0,64277 0,838666 0,564663
14,878 0,673328 0,79055 0,767565 0,599804 0,527924 0,483133 0,504711 0,483076 0,529506 0,659556 0,861199 0,594262
14,8981 0,672191 0,804626 0,786505 0,626344 0,541089 0,481689 0,514592 0,495249 0,538852 0,671096 0,880126 0,621129
14,9182 0,674865 0,818915 0,803983 0,65491 0,550859 0,486965 0,527078 0,504454 0,544726 0,687358 0,901082 0,653916
14,9385 0,674998 0,83476 0,819372 0,685431 0,560144 0,49086 0,53535 0,505048 0,553805 0,706942 0,910996 0,683971
14,9587 0,674196 0,848129 0,830722 0,712669 0,567628 0,493498 0,541555 0,5 0,544459 0,716559 0,915728 0,687158
14,9791 0,677872 0,862276 0,840889 0,740047 0,576012 0,499969 0,55044 0,499406 0,547664 0,732121 0,930825 0,703097
14,9995 0,680211 0,877202 0,849105 0,762746 0,586682 0,503424 0,561471 0,51158 0,54713 0,74541 0,93781 0,717668
15,02 0,681748 0,891066 0,856556 0,780905 0,598739 0,503549 0,566986 0,513361 0,547397 0,749781 0,942316 0,724954
15,0406 0,681748 0,904435 0,863589 0,797248 0,613914 0,508575 0,573573 0,527613 0,542857 0,760098 0,943668 0,73133
15,0612 0,680679 0,91547 0,868463 0,810029 0,62992 0,509391 0,579395 0,535036 0,550868 0,767617 0,952231 0,742714
15,0819 0,679743 0,927283 0,873755 0,819388 0,649252 0,511087 0,589353 0,541568 0,551402 0,777409 0,947724 0,733607
15,1026 0,681949 0,938106 0,879674 0,830493 0,671148 0,518437 0,595864 0,546912 0,561816 0,787725 0,95854 0,742259
15,1234 0,682884 0,948645 0,885454 0,838246 0,693182 0,522897 0,602451 0,552553 0,560748 0,790348 0,962821 0,730419
15,1443 0,685491 0,959044 0,894436 0,846068 0,717018 0,529681 0,611796 0,56057 0,566889 0,804162 0,960793 0,722678
15,1653 0,687763 0,96541 0,898475 0,850258 0,735865 0,533325 0,627499 0,55671 0,56235 0,80661 0,971384 0,698998
15,1863 0,691773 0,972837 0,905369 0,854728 0,75097 0,541428 0,637074 0,558492 0,55781 0,805386 0,968454 0,678962
15,2074 0,694045 0,979345 0,9108 0,859757 0,767115 0,550286 0,64887 0,548694 0,558612 0,808708 0,966201 0,660291
15,2286 0,699258 0,987409 0,918599 0,864855 0,780834 0,561781 0,665569 0,561164 0,568224 0,820423 0,966652 0,64663
15,2498 0,702733 0,991299 0,924936 0,867579 0,790881 0,570513 0,67882 0,55582 0,567423 0,82427 0,965525 0,622951
15,2711 0,708347 0,995261 0,933779 0,870233 0,800097 0,582449 0,689468 0,55285 0,569025 0,838958 0,960568 0,605647
15,2925 0,714295 0,996958 0,941578 0,872817 0,805779 0,59853 0,696285 0,541568 0,56769 0,84228 0,957639 0,575137
15,3139 0,726993 0,99901 0,951605 0,877357 0,811253 0,615302 0,705094 0,538895 0,575434 0,851023 0,954935 0,550546
15,3355 0,736884 0,999151 0,95822 0,882246 0,814163 0,632326 0,71306 0,53652 0,564219 0,84875 0,950428 0,522313
15,357 0,749315 1 0,966228 0,890068 0,818805 0,652805 0,725086 0,541568 0,571696 0,854695 0,95133 0,491348
15,3787 0,756065 0,998514 0,9734 0,897611 0,819845 0,669389 0,734278 0,541568 0,569559 0,856793 0,940964 0,458106
15,4004 0,765154 0,996109 0,980851 0,906551 0,82324 0,688485 0,750823 0,54424 0,571429 0,861689 0,933529 0,443989
15,4222 0,770501 0,989743 0,987188 0,912208 0,824279 0,698536 0,758254 0,546021 0,579439 0,861514 0,929923 0,418944
15,4441 0,774243 0,984084 0,99053 0,92024 0,825942 0,710911 0,768748 0,539489 0,583178 0,861689 0,929473 0,390255
15,4661 0,778854 0,975172 0,995265 0,92457 0,828783 0,719769 0,776561 0,542162 0,582377 0,868159 0,926769 0,377049
15,4881 0,779322 0,964632 0,996936 0,929459 0,829823 0,728061 0,780467 0,538599 0,583712 0,868159 0,924065 0,355647
15,5102 0,780592 0,953243 0,997772 0,935675 0,833356 0,7334 0,786365 0,537411 0,580507 0,875153 0,923164 0,343352
15,5324 0,782062 0,939803 0,999652 0,941193 0,837791 0,737609 0,795251 0,542458 0,576502 0,878475 0,912799 0,32377
15,5546 0,782263 0,924312 1 0,948666 0,843265 0,73673 0,795251 0,54038 0,578638 0,876902 0,894547 0,316485
15,5769 0,781394 0,907265 0,997841 0,953555 0,84666 0,738363 0,799234 0,537411 0,559947 0,864312 0,875394 0,288707
15,5993 0,781528 0,889722 0,994847 0,960749 0,854005 0,735285 0,801992 0,543646 0,555941 0,857318 0,869761 0,29235
15,6218 0,780392 0,867086 0,987188 0,96445 0,857747 0,73095 0,799617 0,537114 0,543658 0,845777 0,85196 0,270492
15,6443 0,778921 0,844238 0,976255 0,965358 0,86329 0,724229 0,796859 0,527019 0,539119 0,833362 0,839793 0,26867
15,6669 0,777986 0,819269 0,964557 0,967104 0,869249 0,721151 0,797932 0,519002 0,535915 0,827243 0,822668 0,251821
15,6896 0,777384 0,789771 0,953903 0,966755 0,876594 0,720962 0,797702 0,508314 0,535648 0,815003 0,800361 0,246812
15,7124 0,778654 0,756808 0,937539 0,965498 0,881305 0,719769 0,796706 0,493468 0,521495 0,799266 0,779856 0,23133
15,7353 0,781528 0,720521 0,921524 0,962844 0,888581 0,718324 0,796247 0,494359 0,517223 0,790523 0,764984 0,221767
15,7582 0,785939 0,680908 0,904603 0,960818 0,896896 0,719769 0,799617 0,493765 0,515621 0,783179 0,75552 0,222222
15,7812 0,792488 0,637688 0,886011 0,954672 0,904241 0,724103 0,806205 0,487827 0,510547 0,77601 0,735241 0,208561
15,8043 0,800307 0,594893 0,866862 0,950901 0,910823 0,731767 0,812869 0,495843 0,503605 0,767267 0,722172 0,214481
15,8274 0,808995 0,547924 0,846181 0,94266 0,917406 0,742509 0,817848 0,480404 0,498798 0,757825 0,704146 0,21357
15,8507 0,818419 0,505341 0,824594 0,934278 0,921217 0,758151 0,826733 0,467933 0,48785 0,743836 0,683416 0,195811
15,874 0,830515 0,465021 0,80266 0,927224 0,927037 0,776933 0,83738 0,462886 0,485981 0,739465 0,665615 0,199909
15,8974 0,845619 0,429653 0,779611 0,920101 0,933758 0,798668 0,851015 0,462589 0,479573 0,734219 0,652772 0,194444
15,9208 0,862661 0,398387 0,754404 0,916189 0,94145 0,823481 0,862352 0,459917 0,475033 0,735618 0,638125 0,195811
15,9444 0,879035 0,375115 0,729685 0,913745 0,950527 0,849614 0,879663 0,462886 0,481709 0,732296 0,632943 0,195811
15,968 0,898282 0,354672 0,70016 0,909694 0,958772 0,874678 0,895519 0,468824 0,480374 0,732995 0,620324 0,191257
15,9917 0,918532 0,340808 0,672446 0,904805 0,965286 0,901564 0,913903 0,4712 0,488385 0,730372 0,613114 0,191712
16,0155 0,936978 0,332249 0,646125 0,90264 0,971522 0,923676 0,936499 0,478325 0,496662 0,740164 0,615818 0,197177
16,0394 0,954554 0,329066 0,619316 0,895795 0,97658 0,943715 0,963309 0,487827 0,515087 0,756426 0,618297 0,204463
16,0633 0,969124 0,325458 0,589235 0,887833 0,977966 0,960487 0,983531 0,495249 0,521762 0,754503 0,622803 0,213115
16,0874 0,981755 0,323477 0,558875 0,87596 0,976649 0,975878 0,996017 0,49614 0,535114 0,756426 0,622803 0,217213
16,1115 0,992047 0,319941 0,528445 0,860385 0,974571 0,983102 1 0,499109 0,537517 0,754503 0,619423 0,229053
16,1357 0,997995 0,317677 0,496971 0,837687 0,968126 0,986054 0,999311 0,502078 0,535915 0,750656 0,614691 0,234062
16,16 1 0,310037 0,464731 0,807515 0,955308 0,982851 0,988434 0,49139 0,520427 0,731596 0,598468 0,233151
16,1844 0,997995 0,303459 0,432909 0,770918 0,939717 0,975124 0,976484 0,483373 0,508678 0,716384 0,583146 0,229508
16,2088 0,993317 0,296951 0,401783 0,722028 0,919554 0,960676 0,953811 0,461698 0,490254 0,698898 0,566021 0,234062
16,2333 0,985965 0,289665 0,372537 0,66825 0,894748 0,940825 0,925699 0,448337 0,470761 0,680713 0,547544 0,226776
16,258 0,974671 0,287543 0,346355 0,610141 0,866616 0,919153 0,896591 0,431116 0,448865 0,655709 0,530419 0,21949
16,2827 0,964045 0,287826 0,324072 0,556502 0,835435 0,895345 0,866794 0,413896 0,432844 0,629131 0,51397 0,217213
16,3075 0,947404 0,288251 0,303809 0,505308 0,800166 0,867642 0,829567 0,386876 0,41709 0,593111 0,49662 0,200364
16,3323 0,925616 0,291646 0,287863 0,45998 0,759008 0,835103 0,791268 0,370843 0,406142 0,566533 0,48986 0,208561
16,3573 0,898015 0,295466 0,274633 0,417237 0,714939 0,796344 0,751972 0,354513 0,395728 0,537681 0,478143 0,204463
16,3823 0,863664 0,294688 0,263491 0,377637 0,666297 0,75702 0,701264 0,344418 0,376235 0,511978 0,46192 0,211749
16,4075 0,829713 0,295183 0,257503 0,340969 0,618279 0,718387 0,657526 0,323634 0,366355 0,486099 0,450203 0,218124
16,4327 0,802246 0,301549 0,259244 0,313521 0,573794 0,68993 0,622597 0,317696 0,361282 0,471586 0,449527 0,232696
16,458 0,778186 0,311311 0,265163 0,290334 0,531874 0,662981 0,591498 0,320962 0,35514 0,457248 0,459216 0,239526
16,4834 0,76081 0,327014 0,276582 0,275457 0,494803 0,649224 0,569284 0,323634 0,360214 0,455499 0,470482 0,245446
16,5089 0,750585 0,350428 0,29218 0,269311 0,465493 0,640304 0,554577 0,328682 0,365821 0,451478 0,488734 0,256375
16,5345 0,748446 0,383674 0,310285 0,272105 0,447409 0,641183 0,544006 0,345309 0,375167 0,457073 0,517576 0,267304
16,5601 0,748112 0,41975 0,328598 0,279438 0,429324 0,642063 0,543164 0,36342 0,39012 0,464242 0,538306 0,29827
16,5859 0,749983 0,461555 0,348374 0,29201 0,416366 0,646272 0,543776 0,37114 0,396796 0,47316 0,569626 0,322404
16,6117 0,757736 0,506826 0,374835 0,311636 0,409645 0,651674 0,546764 0,377375 0,406409 0,488897 0,602073 0,352914
16,6376 0,769565 0,556766 0,410905 0,34055 0,406389 0,661097 0,555956 0,394596 0,424299 0,517748 0,64511 0,387978
16,6637 0,782931 0,604725 0,451361 0,375751 0,410061 0,667504 0,568288 0,418943 0,447263 0,543801 0,690626 0,433515
16,6898 0,796632 0,65035 0,499269 0,413675 0,418237 0,674414 0,577786 0,437648 0,46996 0,578947 0,750338 0,470856
16,716 0,801377 0,684586 0,54648 0,443358 0,423295 0,669137 0,581233 0,449822 0,482243 0,598706 0,784588 0,502277
16,7423 0,799973 0,715357 0,592229 0,470387 0,428562 0,655003 0,581923 0,465558 0,501202 0,625984 0,825372 0,545082
16,7687 0,787877 0,737073 0,633034 0,492457 0,432927 0,634211 0,575258 0,471496 0,511082 0,643819 0,846553 0,575592
16,7951 0,773575 0,75603 0,670775 0,512083 0,440687 0,608078 0,567369 0,482185 0,523364 0,65431 0,861649 0,60929
16,8217 0,757402 0,778312 0,708098 0,532546 0,455308 0,585087 0,561164 0,486936 0,540187 0,670572 0,886886 0,658925
16,8484 0,738822 0,797552 0,736857 0,553709 0,469027 0,565174 0,55427 0,502375 0,546863 0,683336 0,90018 0,686703
16,8752 0,716167 0,81559 0,758025 0,576198 0,482331 0,543753 0,546151 0,515143 0,553805 0,691729 0,912573 0,704918
16,902 0,692709 0,831364 0,774946 0,60169 0,49508 0,521075 0,537495 0,521972 0,56769 0,706417 0,930149 0,726776
16,929 0,669652 0,846997 0,789499 0,628649 0,504296 0,498775 0,528074 0,52791 0,567156 0,714635 0,942542 0,741348
16,956 0,647798 0,860791 0,802242 0,658123 0,512403 0,483322 0,523018 0,53266 0,571429 0,73317 0,953357 0,762295
16,9832 0,624674 0,872887 0,812618 0,684453 0,51656 0,465733 0,515741 0,522565 0,559146 0,732296 0,945922 0,763661
17,0104 0,605159 0,887175 0,822645 0,711901 0,520995 0,453546 0,514056 0,514252 0,551135 0,738591 0,940514 0,779599
17,0377 0,58531 0,899059 0,830722 0,732504 0,52633 0,442364 0,511222 0,516033 0,540988 0,743836 0,934205 0,77459
17,0652 0,571209 0,912923 0,840819 0,751711 0,537209 0,43401 0,514975 0,521378 0,541255 0,747508 0,930825 0,775501
17,0927 0,55684 0,92608 0,849732 0,764772 0,552176 0,426911 0,516507 0,52019 0,536983 0,746984 0,928121 0,772769
17,1203 0,545947 0,939096 0,854537 0,776505 0,571092 0,422074 0,521256 0,514846 0,532443 0,746984 0,92091 0,744536
17,1481 0,535187 0,949565 0,859063 0,786283 0,592711 0,414976 0,525699 0,510986 0,531108 0,752579 0,909419 0,734973
17,1759 0,524962 0,959256 0,863519 0,79201 0,616547 0,410641 0,530065 0,508314 0,5247 0,760797 0,906489 0,71357
17,2038 0,514803 0,96442 0,867349 0,79634 0,643085 0,404548 0,537802 0,498515 0,517757 0,769016 0,892744 0,699454
17,2318 0,505179 0,970644 0,8709 0,797597 0,665674 0,40348 0,544619 0,498515 0,507877 0,770764 0,880352 0,663479
17,26 0,497026 0,972059 0,874173 0,799623 0,684243 0,399774 0,553045 0,48367 0,494259 0,764644 0,865255 0,623862
17,2882 0,494219 0,972413 0,881206 0,801299 0,698101 0,400842 0,561394 0,483076 0,483044 0,760273 0,855115 0,599727
17,3165 0,49041 0,971493 0,885663 0,802486 0,708495 0,403354 0,568977 0,472684 0,470494 0,748383 0,836413 0,556466
17,345 0,489274 0,970503 0,890815 0,802347 0,716117 0,410076 0,580697 0,461698 0,465421 0,746109 0,822443 0,53051
17,3735 0,489541 0,96442 0,896525 0,802836 0,719166 0,416232 0,587591 0,457838 0,456876 0,735268 0,797431 0,485428
17,4021 0,490811 0,960105 0,901539 0,80542 0,720967 0,428984 0,60046 0,453088 0,457677 0,735268 0,779856 0,456739
17,4309 0,495088 0,95296 0,904185 0,808074 0,720898 0,438972 0,606817 0,445962 0,451535 0,725127 0,757323 0,422587
17,4597 0,498028 0,942421 0,908781 0,812474 0,717503 0,453923 0,61509 0,432898 0,442991 0,72163 0,738621 0,383424
17,4887 0,501905 0,927354 0,910522 0,817153 0,714523 0,466989 0,616852 0,41924 0,431509 0,702221 0,719468 0,339253
17,5177 0,507719 0,912428 0,91275 0,824417 0,712514 0,482945 0,626886 0,410629 0,4251 0,6975 0,707075 0,323315
17,5469 0,511595 0,889156 0,912332 0,828677 0,709742 0,498084 0,633321 0,405582 0,417624 0,679489 0,695133 0,299636
17,5761 0,516875 0,865176 0,912193 0,83615 0,711405 0,512155 0,641976 0,398456 0,412016 0,673894 0,682064 0,278233
17,6055 0,520016 0,835255 0,909686 0,843484 0,715701 0,52742 0,647338 0,38361 0,403204 0,664102 0,661109 0,266393
17,635 0,528303 0,801797 0,907806 0,856544 0,724293 0,541994 0,655305 0,377078 0,390921 0,655884 0,64128 0,247723
17,6646 0,538395 0,767348 0,906622 0,869605 0,738082 0,559269 0,662352 0,376485 0,392256 0,647841 0,628436 0,241348
17,6943 0,551627 0,727948 0,903489 0,884411 0,753603 0,576795 0,672922 0,374703 0,388518 0,638923 0,611762 0,22541
17,7241 0,571008 0,688265 0,900703 0,899148 0,774667 0,592374 0,692149 0,372922 0,388785 0,633852 0,599369 0,218579
17,754 0,596471 0,648087 0,893949 0,912977 0,799266 0,61078 0,712907 0,369359 0,387984 0,635601 0,59644 0,208106
17,784 0,624206 0,610101 0,888726 0,926386 0,824764 0,633206 0,732746 0,368171 0,390921 0,637349 0,589229 0,200364
17,8141 0,656152 0,570913 0,880092 0,939167 0,852689 0,657579 0,759786 0,375297 0,398665 0,64242 0,591483 0,20765
17,8444 0,686159 0,529674 0,872432 0,951879 0,881375 0,685784 0,786825 0,388361 0,414686 0,647666 0,589229 0,214026
17,8747 0,715699 0,488505 0,859829 0,959491 0,905626 0,714429 0,812332 0,392221 0,422163 0,656933 0,584498 0,221767
17,9052 0,743701 0,446417 0,842351 0,964311 0,92773 0,744268 0,835236 0,393705 0,42964 0,66078 0,580216 0,226776
17,9358 0,769498 0,405673 0,820904 0,965288 0,945399 0,773415 0,8527 0,404988 0,438184 0,663403 0,576836 0,226321
17,9664 0,791419 0,369739 0,792563 0,961587 0,96092 0,798982 0,869399 0,408254 0,443258 0,665151 0,577738 0,234062
17,9972 0,805654 0,336847 0,753917 0,951809 0,968057 0,821345 0,876293 0,413896 0,444593 0,664976 0,570527 0,224044
18,0282 0,818085 0,311806 0,706915 0,935955 0,970205 0,842641 0,887093 0,412708 0,445928 0,66078 0,563993 0,226776
18,0592 0,827976 0,291292 0,651626 0,91591 0,970205 0,856963 0,889544 0,409739 0,442457 0,657458 0,55881 0,229053
18,0903 0,833456 0,273113 0,587355 0,889021 0,962029 0,870972 0,882957 0,401722 0,430441 0,643119 0,550023 0,227687
18,1216 0,838 0,258612 0,525172 0,857871 0,952675 0,877254 0,876063 0,39519 0,426969 0,628956 0,534926 0,234062
18,153 0,840941 0,246233 0,466541 0,819318 0,942073 0,88297 0,863118 0,377969 0,41522 0,610946 0,512393 0,236794
18,1845 0,845486 0,241848 0,416197 0,780975 0,930225 0,887619 0,847798 0,368765 0,407477 0,599405 0,501352 0,243625
18,2161 0,849763 0,240504 0,374138 0,740327 0,917198 0,891702 0,836997 0,349762 0,399466 0,582619 0,495043 0,248178
18,2478 0,854976 0,248072 0,344892 0,698631 0,902993 0,894529 0,829031 0,351247 0,397063 0,577199 0,498873 0,247723
18,2797 0,857782 0,257268 0,319476 0,651697 0,88969 0,898046 0,81915 0,35481 0,402937 0,567232 0,510365 0,245902
18,3116 0,862862 0,269293 0,30353 0,603436 0,874169 0,900182 0,813252 0,35867 0,403204 0,567757 0,525913 0,248178
18,3437 0,866404 0,283441 0,295801 0,556642 0,856222 0,899805 0,801915 0,359561 0,402403 0,561811 0,541911 0,257286
18,3759 0,865735 0,298083 0,29037 0,511943 0,831694 0,89434 0,787668 0,366686 0,401602 0,55814 0,557909 0,269581
18,4082 0,861926 0,316262 0,29023 0,470177 0,804809 0,887367 0,772501 0,368468 0,401068 0,555517 0,573231 0,287341
18,4407 0,857515 0,341232 0,295174 0,43372 0,773905 0,877065 0,75519 0,366983 0,401602 0,552719 0,593511 0,306922
18,4733 0,849963 0,370093 0,304366 0,40285 0,738013 0,863182 0,731597 0,36342 0,401335 0,549921 0,614466 0,32969
18,506 0,845419 0,408502 0,318223 0,379243 0,702813 0,851058 0,713367 0,359264 0,403204 0,552369 0,634295 0,348361
18,5388 0,838802 0,450944 0,33403 0,363947 0,668999 0,838558 0,694676 0,360748 0,409346 0,552369 0,65142 0,378415
18,5717 0,831651 0,494235 0,353597 0,3541 0,631929 0,821848 0,678131 0,364311 0,420027 0,555692 0,671474 0,411658
18,6048 0,822429 0,53604 0,377202 0,352004 0,592087 0,808279 0,657985 0,36342 0,421896 0,556566 0,679135 0,438525
18,638 0,810934 0,574874 0,404707 0,356405 0,554809 0,789497 0,640291 0,373515 0,425367 0,563735 0,693781 0,477687
18,6713 0,798971 0,611091 0,436321 0,366811 0,518016 0,774546 0,624358 0,373219 0,423765 0,567232 0,706399 0,510474
18,7047 0,785671 0,643418 0,474201 0,378964 0,488914 0,752434 0,605132 0,382126 0,424833 0,574751 0,72758 0,539162
18,7383 0,770434 0,667468 0,514379 0,393281 0,461475 0,731327 0,586212 0,38747 0,426435 0,578248 0,746733 0,57878
18,772 0,75406 0,687345 0,556647 0,40697 0,440895 0,70821 0,56982 0,394596 0,433111 0,584018 0,757774 0,604736
18,8058 0,734545 0,703827 0,597243 0,421916 0,426136 0,67812 0,5509 0,405879 0,435781 0,592236 0,764534 0,632514
18,8398 0,712758 0,718752 0,636376 0,437212 0,416159 0,646523 0,53535 0,409145 0,445928 0,598706 0,763632 0,651639
18,8739 0,684956 0,729363 0,667363 0,456628 0,409229 0,608392 0,513903 0,412114 0,448064 0,600105 0,760027 0,662568
18,9081 0,659493 0,739619 0,694938 0,481003 0,406527 0,573214 0,498583 0,418646 0,457143 0,6057 0,757098 0,703097
18,9424 0,627615 0,74542 0,713251 0,510406 0,404864 0,53477 0,479893 0,413302 0,449399 0,611471 0,753493 0,715392
18,9769 0,593397 0,752564 0,72683 0,544699 0,4023 0,499654 0,465875 0,418349 0,454473 0,614968 0,745606 0,732696
19,0115 0,557174 0,757233 0,733445 0,579131 0,399945 0,463283 0,44956 0,407066 0,45741 0,616017 0,739973 0,726776
19,0463 0,523692 0,76558 0,739503 0,61489 0,400845 0,436208 0,443891 0,412708 0,456609 0,621262 0,735692 0,729508
19,0812 0,49442 0,773997 0,740965 0,644922 0,407012 0,407752 0,438223 0,415083 0,459279 0,621437 0,729833 0,723133
19,1162 0,467486 0,780717 0,738667 0,667132 0,41796 0,384446 0,431635 0,412114 0,450467 0,618465 0,720144 0,713115
19,1513 0,443494 0,787013 0,736021 0,68145 0,439232 0,364407 0,427729 0,411817 0,446729 0,622137 0,714736 0,692168
19,1866 0,422308 0,796562 0,731286 0,689482 0,466186 0,347635 0,423133 0,40677 0,443258 0,622836 0,704597 0,663479
19,222 0,404665 0,808375 0,727874 0,694371 0,498614 0,335071 0,423746 0,40677 0,43765 0,624235 0,691528 0,635246
19,2576 0,387756 0,822593 0,725576 0,695558 0,533675 0,324769 0,425507 0,407066 0,424833 0,628082 0,675304 0,596539
19,2933 0,371583 0,835396 0,72488 0,693113 0,566103 0,316917 0,430027 0,394299 0,420561 0,622836 0,655475 0,562386
19,3291 0,359754 0,846926 0,725855 0,687456 0,591671 0,31409 0,439372 0,386283 0,40721 0,622661 0,64511 0,53051
19,3651 0,351935 0,853363 0,734907 0,682567 0,611627 0,311515 0,448564 0,380048 0,408011 0,620913 0,630464 0,496812
19,4012 0,345653 0,854283 0,746605 0,674815 0,622783 0,313462 0,464037 0,370843 0,391455 0,623011 0,611086 0,460838
19,4375 0,344182 0,856476 0,7629 0,672231 0,630751 0,318048 0,480965 0,369656 0,392523 0,61829 0,597566 0,437614
19,4739 0,349462 0,856688 0,783789 0,675443 0,636364 0,329732 0,504021 0,368468 0,389853 0,623885 0,591483 0,407559
19,5104 0,35942 0,854778 0,805306 0,684244 0,639551 0,346441 0,52815 0,374109 0,389853 0,623186 0,585174 0,384335
19,5471 0,377799 0,851949 0,830861 0,701634 0,644124 0,369558 0,555649 0,376188 0,391722 0,627382 0,582019 0,358834
19,5839 0,398383 0,844451 0,855651 0,727825 0,650499 0,401344 0,585446 0,383907 0,390654 0,635601 0,584948 0,333789
19,6209 0,426051 0,832001 0,88232 0,76114 0,661516 0,436083 0,623209 0,404097 0,400267 0,649764 0,584272 0,336066
19,658 0,451781 0,807526 0,903628 0,794943 0,675859 0,474779 0,657602 0,411817 0,413618 0,650988 0,580892 0,322404
19,6953 0,481454 0,775907 0,920758 0,832938 0,692905 0,511527 0,693834 0,421021 0,425901 0,665501 0,58292 0,324681
19,7327 0,509858 0,732758 0,929462 0,86744 0,713623 0,553678 0,728686 0,42785 0,435781 0,674419 0,578414 0,296448
19,7703 0,541803 0,68777 0,933988 0,901173 0,741062 0,596708 0,765071 0,449822 0,450467 0,686659 0,58585 0,301002
19,808 0,569605 0,633939 0,92605 0,926177 0,768293 0,634964 0,794025 0,454869 0,45474 0,692429 0,589004 0,298725
19,8459 0,599612 0,577633 0,913655 0,946291 0,798434 0,667127 0,815473 0,470903 0,463017 0,699598 0,592384 0,304645
19,8839 0,623872 0,514607 0,890398 0,956768 0,827813 0,693511 0,832095 0,464371 0,459546 0,689281 0,587877 0,290984
19,922 0,649535 0,454693 0,86157 0,961028 0,856014 0,716063 0,843661 0,458729 0,459546 0,692953 0,582695 0,300091
19,9604 0,67306 0,400368 0,82543 0,959911 0,879019 0,733903 0,852087 0,45576 0,457944 0,687358 0,579315 0,301457
19,9988 0,694981 0,353328 0,783163 0,952298 0,897381 0,753691 0,86059 0,451603 0,455541 0,686134 0,580892 0,312386
20,0374 0,712825 0,316192 0,730659 0,938888 0,910615 0,769269 0,864496 0,430819 0,440587 0,674069 0,577062 0,299636
20,0762 0,733342 0,289807 0,670148 0,921847 0,921355 0,791067 0,869705 0,429335 0,437917 0,666375 0,583371 0,308743
20,1152 0,752322 0,272476 0,603927 0,902361 0,930571 0,807588 0,873229 0,424881 0,445928 0,652212 0,586976 0,316029
20,1542 0,77177 0,263139 0,53889 0,877287 0,936461 0,826685 0,874684 0,429632 0,44753 0,646092 0,595989 0,327413
20,1935 0,790483 0,261583 0,482209 0,848862 0,939856 0,8444 0,879816 0,420724 0,449132 0,638049 0,609058 0,33561
20,2329 0,805654 0,266181 0,433953 0,814499 0,938193 0,860041 0,878284 0,417161 0,460614 0,62983 0,632492 0,361566
20,2725 0,81902 0,277074 0,393984 0,773921 0,931888 0,875872 0,876369 0,4231 0,464887 0,628082 0,652997 0,37796
20,3122 0,827976 0,291717 0,361326 0,73027 0,918584 0,882844 0,874531 0,422209 0,461682 0,61864 0,676431 0,38388
20,3521 0,834726 0,31414 0,340575 0,680332 0,904033 0,889692 0,866258 0,430523 0,469159 0,613394 0,695133 0,395719
20,3921 0,839604 0,341657 0,330061 0,624319 0,88477 0,890822 0,855228 0,429038 0,477437 0,609722 0,715187 0,412568
20,4323 0,84455 0,37653 0,330478 0,568864 0,865299 0,891011 0,843891 0,434976 0,486782 0,605001 0,738621 0,433971
20,4727 0,846822 0,418406 0,338904 0,518508 0,842156 0,889943 0,824971 0,441508 0,488919 0,604127 0,763407 0,454007
20,5132 0,84729 0,463606 0,354084 0,472971 0,813609 0,886865 0,805898 0,441508 0,495861 0,606575 0,782334 0,489071
20,5539 0,847089 0,510646 0,374486 0,442031 0,780696 0,880206 0,789736 0,448634 0,509746 0,613569 0,80667 0,536885
20,5948 0,839404 0,549904 0,396978 0,417097 0,743556 0,870155 0,763462 0,44715 0,509479 0,619514 0,824696 0,559654
20,6358 0,833322 0,587253 0,426711 0,406062 0,703229 0,856461 0,738185 0,446259 0,523364 0,628257 0,836188 0,603825
20,677 0,822161 0,614558 0,458673 0,401872 0,659576 0,837929 0,709766 0,442696 0,529506 0,63018 0,840018 0,637067
20,7184 0,809797 0,63309 0,497528 0,406202 0,612666 0,816823 0,688855 0,450416 0,528438 0,63053 0,84137 0,670765
20,7599 0,796832 0,648016 0,540422 0,41612 0,564648 0,789685 0,66013 0,453979 0,540454 0,635775 0,843398 0,716302
20,8017 0,781862 0,662022 0,582829 0,431275 0,522866 0,763302 0,63378 0,466746 0,547397 0,645043 0,844074 0,754554
20,8435 0,760676 0,673835 0,61674 0,445314 0,485449 0,733086 0,607277 0,478919 0,545527 0,644868 0,835962 0,769581
20,8856 0,738555 0,684162 0,643131 0,467523 0,45801 0,704567 0,581769 0,499703 0,548465 0,658157 0,823569 0,799636
20,9278 0,712357 0,69258 0,659912 0,492387 0,438678 0,672907 0,55902 0,505641 0,555674 0,661654 0,813429 0,811475
20,9702 0,683152 0,701917 0,672098 0,524864 0,425443 0,635279 0,538491 0,515736 0,560481 0,668473 0,809599 0,824681
21,0128 0,652075 0,712952 0,67927 0,560763 0,415881 0,59608 0,518039 0,519596 0,564219 0,667424 0,791347 0,821949
21,0556 0,617189 0,729646 0,684632 0,599455 0,41304 0,557761 0,504711 0,523159 0,566622 0,670397 0,786616 0,817851
21,0985 0,578828 0,746976 0,685746 0,626763 0,412833 0,517935 0,488931 0,512767 0,561816 0,665501 0,770843 0,792805
21,1416 0,538996 0,772087 0,687905 0,646668 0,424751 0,480181 0,475833 0,504157 0,557009 0,669872 0,762731 0,770492
21,1849 0,498764 0,798614 0,689437 0,660637 0,448725 0,445254 0,468097 0,501485 0,54713 0,678091 0,747409 0,752277
21,2284 0,466083 0,828252 0,694172 0,670834 0,483301 0,417677 0,463271 0,505048 0,544192 0,69103 0,740874 0,727687
21,2721 0,439016 0,856264 0,705592 0,678447 0,526954 0,395628 0,462811 0,499703 0,538852 0,698374 0,727129 0,67122
21,3159 0,4189 0,882507 0,723905 0,684174 0,578991 0,382059 0,469475 0,50861 0,538852 0,714635 0,723749 0,641621
21,3599 0,40413 0,902879 0,751062 0,687666 0,620496 0,371631 0,477671 0,508314 0,533511 0,721979 0,717891 0,592896
21,4041 0,400989 0,918087 0,785321 0,695069 0,653894 0,371192 0,495902 0,522268 0,545794 0,743661 0,722172 0,567851
21,4485 0,399786 0,926717 0,823202 0,70366 0,67773 0,374772 0,519035 0,526425 0,553271 0,752055 0,719694 0,543716
21,4931 0,402794 0,929829 0,85962 0,718257 0,692697 0,381808 0,545385 0,534739 0,567957 0,762021 0,722848 0,509563
21,5379 0,409677 0,924524 0,893601 0,73886 0,701566 0,398203 0,577174 0,536223 0,571162 0,773037 0,717891 0,486339
21,5829 0,421306 0,910589 0,920966 0,768264 0,705516 0,415478 0,609498 0,546021 0,586916 0,788599 0,71023 0,459927
21,628 0,436744 0,884205 0,940603 0,801718 0,70995 0,437213 0,642206 0,557007 0,588251 0,796293 0,705498 0,429872
21,6733 0,456058 0,84537 0,955017 0,837757 0,716256 0,464288 0,678744 0,562945 0,586649 0,810806 0,69288 0,40255
21,7189 0,477378 0,791469 0,960797 0,8717 0,725402 0,492682 0,714133 0,575713 0,589052 0,81168 0,683191 0,383424
21,7646 0,500902 0,727665 0,956619 0,903338 0,745358 0,530812 0,749981 0,584323 0,585581 0,815003 0,665165 0,367486
21,8105 0,526432 0,656646 0,945686 0,926037 0,76857 0,569508 0,782765 0,594715 0,587984 0,814303 0,653673 0,358379
21,8567 0,55283 0,580392 0,925423 0,945034 0,798365 0,612287 0,802681 0,5962 0,58211 0,811331 0,649392 0,347905
21,903 0,578828 0,50336 0,896038 0,95593 0,828714 0,652302 0,822061 0,581948 0,571162 0,798216 0,642406 0,331512
21,9495 0,607231 0,431633 0,859411 0,961028 0,859202 0,695835 0,840827 0,574822 0,561282 0,791572 0,639928 0,332878
21,9962 0,636503 0,370305 0,813801 0,961377 0,885186 0,730197 0,855075 0,554335 0,552203 0,77566 0,641505 0,33561
22,0431 0,672125 0,327651 0,767704 0,959352 0,912486 0,766945 0,874531 0,555523 0,551135 0,768316 0,652546 0,367942
22,0903 0,703736 0,296598 0,712276 0,948107 0,93265 0,798731 0,890463 0,536817 0,546328 0,750481 0,661109 0,372951
22,1376 0,736416 0,283016 0,651417 0,930018 0,9463 0,830329 0,90586 0,540974 0,543391 0,745585 0,672826 0,390255
22,1851 0,762213 0,27856 0,581088 0,903548 0,953298 0,860544 0,920643 0,53266 0,546061 0,7274 0,688373 0,412568
22,2329 0,782664 0,282309 0,510549 0,870443 0,951705 0,884352 0,927231 0,522268 0,541789 0,711838 0,697161 0,431694
22,2808 0,796565 0,294546 0,450595 0,82721 0,94235 0,903135 0,927691 0,519299 0,538585 0,692254 0,715187 0,45765
22,329 0,809597 0,317394 0,403732 0,780905 0,929393 0,918588 0,929759 0,513955 0,538051 0,674069 0,727805 0,478142
22,3773 0,821827 0,348164 0,372189 0,734111 0,916644 0,933224 0,928916 0,512173 0,544192 0,658856 0,741325 0,507286
22,4259 0,836864 0,386645 0,35868 0,687386 0,906319 0,947987 0,930218 0,509204 0,550334 0,642595 0,757774 0,527322
22,4747 0,849763 0,433189 0,359306 0,637799 0,89454 0,961053 0,92432 0,511876 0,565554 0,636125 0,772645 0,559654
22,5237 0,855711 0,480724 0,369473 0,57962 0,875693 0,965324 0,915282 0,512767 0,564753 0,630355 0,776701 0,596539
22,5729 0,85658 0,524439 0,39092 0,526121 0,848254 0,965387 0,897587 0,504157 0,561816 0,622836 0,77918 0,629781
22,6223 0,851233 0,56582 0,415918 0,483587 0,814232 0,954959 0,872999 0,500891 0,557276 0,616192 0,771744 0,672131
22,672 0,841075 0,596873 0,446208 0,453345 0,773212 0,939946 0,841746 0,489311 0,550067 0,614793 0,758224 0,712659
22,7218 0,828577 0,620146 0,483601 0,438679 0,726996 0,920284 0,808962 0,486639 0,539119 0,617416 0,751465 0,744991
22,7719 0,81227 0,636698 0,523014 0,434698 0,675097 0,894403 0,771582 0,478028 0,536983 0,620388 0,73817 0,763206
22,8222 0,790617 0,650279 0,562774 0,43791 0,619457 0,865884 0,725776 0,469715 0,531108 0,617241 0,729383 0,78643
22,8728 0,765689 0,661526 0,59585 0,448107 0,561946 0,831208 0,679586 0,460214 0,525234 0,619689 0,716088 0,783698
22,9235 0,739691 0,673056 0,622937 0,465428 0,512334 0,791695 0,636921 0,452197 0,51749 0,625984 0,715638 0,792805
22,9745 0,708147 0,684233 0,642504 0,491479 0,474085 0,747786 0,596017 0,449822 0,509212 0,628257 0,70685 0,79326
23,0257 0,676335 0,700927 0,657127 0,527308 0,449903 0,703813 0,558483 0,452494 0,515354 0,633153 0,703695 0,793716
23,0771 0,644657 0,727028 0,66799 0,567258 0,434936 0,656762 0,527308 0,457838 0,507877 0,644518 0,693781 0,783242
23,1288 0,61485 0,76077 0,676763 0,606649 0,431749 0,611722 0,50609 0,47209 0,505741 0,651163 0,697386 0,778233
23,1807 0,58511 0,80116 0,686373 0,639405 0,443113 0,571518 0,490923 0,480701 0,519626 0,664976 0,704822 0,771402
23,2328 0,554367 0,841409 0,698698 0,664548 0,468126 0,533827 0,482267 0,489608 0,520961 0,687008 0,708878 0,743169
23,2852 0,524962 0,879607 0,717708 0,685361 0,508731 0,500031 0,480506 0,494062 0,52737 0,704319 0,714511 0,723133
23,3378 0,495222 0,90974 0,742845 0,698282 0,559798 0,472266 0,483493 0,510986 0,542056 0,723728 0,72082 0,6949
23,3906 0,468823 0,92891 0,775712 0,704149 0,604144 0,447139 0,492991 0,524644 0,548465 0,735968 0,721046 0,656193
23,4437 0,443561 0,935842 0,813175 0,710365 0,640729 0,425529 0,504711 0,530285 0,558612 0,756251 0,727805 0,605647
23,497 0,423244 0,933578 0,849732 0,714276 0,668168 0,411835 0,521486 0,534739 0,560214 0,765693 0,717215 0,575137
23,5506 0,411348 0,919714 0,883156 0,728593 0,686253 0,402412 0,539717 0,540083 0,562083 0,781081 0,713835 0,539617
23,6044 0,402259 0,892834 0,909616 0,748568 0,694637 0,399271 0,562696 0,541865 0,560214 0,793321 0,703245 0,50592
23,6584 0,400855 0,851666 0,925145 0,775737 0,695538 0,402538 0,587208 0,535629 0,551936 0,802763 0,698738 0,474044
23,7127 0,405801 0,79734 0,934406 0,811217 0,695746 0,408945 0,615396 0,535926 0,557543 0,807833 0,694232 0,454463
23,7673 0,413954 0,727523 0,933849 0,847255 0,69921 0,423205 0,648717 0,538599 0,55247 0,810631 0,683191 0,434882
23,822 0,429593 0,65226 0,92605 0,881478 0,711405 0,447076 0,681118 0,53652 0,553271 0,81238 0,678459 0,422131
23,8771 0,447972 0,569711 0,910104 0,908716 0,734133 0,478673 0,719648 0,535333 0,5498 0,803112 0,675755 0,409381
23,9324 0,471095 0,489708 0,885523 0,928551 0,76663 0,519882 0,757258 0,539786 0,554072 0,797517 0,670122 0,408015
23,9879 0,500702 0,420315 0,851264 0,944406 0,805017 0,567812 0,791574 0,541568 0,556742 0,783179 0,678459 0,415301
24,0437 0,535855 0,363726 0,805445 0,948596 0,84181 0,620454 0,815933 0,543646 0,561816 0,771114 0,681839 0,413479
24,0998 0,576288 0,324751 0,750923 0,945104 0,873198 0,677995 0,840521 0,553147 0,566088 0,758699 0,693556 0,43306
24,1561 0,615852 0,302822 0,692361 0,934977 0,900083 0,727872 0,861586 0,563242 0,576235 0,742612 0,71406 0,458561
24,2127 0,655417 0,296598 0,623007 0,914304 0,920801 0,771594 0,879893 0,564727 0,57757 0,728974 0,726904 0,465847
24,2695 0,692575 0,304803 0,550101 0,886087 0,93362 0,811923 0,895289 0,570368 0,580774 0,716559 0,740649 0,476776
24,3267 0,726325 0,323619 0,486247 0,852004 0,938054 0,849425 0,910303 0,582542 0,589586 0,702395 0,756422 0,504098
24,384 0,75533 0,349225 0,439384 0,809471 0,937154 0,882593 0,920567 0,589667 0,589586 0,693303 0,768364 0,527778
24,4417 0,77852 0,381976 0,408676 0,759394 0,928284 0,907155 0,925929 0,582245 0,594393 0,685434 0,773096 0,564208
24,4996 0,7973 0,419608 0,397674 0,704218 0,911724 0,920661 0,926312 0,585808 0,602403 0,679664 0,776701 0,598361
24,5578 0,807258 0,463818 0,399694 0,648903 0,890521 0,930209 0,920031 0,581057 0,608278 0,675118 0,776251 0,652095
24,6162 0,812671 0,50718 0,40986 0,586674 0,861073 0,930963 0,907085 0,577197 0,61522 0,675293 0,764534 0,691712
24,675 0,811468 0,54856 0,431655 0,53555 0,827536 0,92845 0,89008 0,578088 0,621896 0,673719 0,748761 0,739526
24,734 0,806122 0,577633 0,459717 0,500489 0,787763 0,915635 0,866105 0,580463 0,626435 0,674943 0,742226 0,76867
24,7933 0,795696 0,601825 0,498155 0,48219 0,746536 0,899114 0,843202 0,586698 0,633378 0,67914 0,739973 0,807377
24,8528 0,782797 0,621136 0,544043 0,478279 0,702328 0,87807 0,809575 0,587886 0,636582 0,687533 0,736368 0,831512
24,9127 0,767694 0,642428 0,583107 0,485822 0,658814 0,85131 0,769897 0,594418 0,644059 0,69645 0,736368 0,8602
24,9728 0,751253 0,669025 0,618202 0,507613 0,620843 0,823733 0,734048 0,601247 0,650467 0,710439 0,739973 0,890255
25,0333 0,732941 0,703402 0,644523 0,541486 0,586682 0,795339 0,697128 0,605701 0,655541 0,715859 0,743578 0,897996
25,094 0,711756 0,747683 0,664787 0,580109 0,560283 0,766757 0,66013 0,621437 0,66462 0,73352 0,753943 0,915301
25,155 0,686827 0,799109 0,68129 0,619081 0,541505 0,7334 0,628878 0,625297 0,677437 0,747508 0,776927 0,893443
25,2163 0,659627 0,848483 0,698419 0,654561 0,536239 0,693951 0,597549 0,638658 0,686248 0,759748 0,788869 0,885246
25,2779 0,63109 0,888449 0,720841 0,681799 0,547533 0,648659 0,573497 0,648159 0,692657 0,777409 0,794953 0,856557
25,3398 0,600815 0,917309 0,750157 0,703171 0,574279 0,604372 0,556185 0,656473 0,692924 0,788599 0,791122 0,818306
25,4019 0,566999 0,932376 0,789221 0,715184 0,610518 0,565613 0,551743 0,669537 0,693725 0,809932 0,793375 0,781421
25,4644 0,535053 0,935984 0,833368 0,723425 0,643847 0,527546 0,549828 0,674287 0,68972 0,82462 0,792925 0,741348
25,5272 0,502707 0,929334 0,878421 0,736346 0,678492 0,499152 0,560398 0,693884 0,691589 0,84298 0,808472 0,700364
25,5903 0,471964 0,906133 0,914769 0,754784 0,704268 0,471386 0,569284 0,678741 0,670494 0,852946 0,802839 0,658015
25,6537 0,454254 0,87126 0,943319 0,788308 0,724432 0,457943 0,587591 0,686164 0,668625 0,865361 0,809824 0,637523
25,7174 0,445566 0,820683 0,958986 0,832518 0,735103 0,451536 0,606358 0,676663 0,660614 0,873404 0,808923 0,594718
25,7814 0,446501 0,754545 0,963512 0,878475 0,743625 0,452541 0,634776 0,683492 0,66462 0,882847 0,812078 0,571949
25,8458 0,455657 0,676452 0,955783 0,921637 0,756929 0,462215 0,669399 0,682304 0,668625 0,880224 0,813655 0,556466
25,9104 0,471296 0,592134 0,938653 0,95579 0,783537 0,485269 0,712984 0,685273 0,679573 0,876727 0,819288 0,540528
25,9754 0,495021 0,512273 0,913307 0,981562 0,822755 0,519631 0,756185 0,699525 0,695594 0,87865 0,842497 0,551002
26,0407 0,525162 0,444719 0,876193 0,994482 0,865646 0,564671 0,794715 0,716152 0,705741 0,870782 0,860072 0,556466
26,1063 0,560516 0,397255 0,827658 0,996787 0,90431 0,62171 0,828954 0,728325 0,713218 0,854695 0,874944 0,575592
26,1722 0,605293 0,373205 0,772787 0,989733 0,939025 0,6888 0,862581 0,745843 0,727637 0,843504 0,891393 0,587432
26,2385 0,650805 0,372003 0,713251 0,973809 0,964801 0,753628 0,897587 0,760392 0,743925 0,839657 0,901307 0,621129
26,305 0,696919 0,385301 0,651556 0,948596 0,984548 0,808845 0,923478 0,764252 0,764753 0,835461 0,912573 0,645264
26,372 0,741496 0,411615 0,59202 0,916888 0,995219 0,859162 0,946917 0,768705 0,779172 0,833362 0,916854 0,668944
26,4392 0,780793 0,448327 0,545505 0,878614 0,996189 0,901313 0,968365 0,76633 0,795728 0,838608 0,91708 0,703552
26,5068 0,813206 0,497913 0,520437 0,835801 0,990646 0,935926 0,984221 0,780285 0,812016 0,84298 0,91708 0,741803
26,5747 0,836731 0,555563 0,516608 0,788797 0,97561 0,964382 0,993413 0,788005 0,828304 0,847526 0,916404 0,764572
26,643 0,853639 0,605928 0,529977 0,740886 0,955723 0,983605 0,997932 0,796615 0,856342 0,851547 0,907841 0,796903
26,7116 0,864265 0,646743 0,554488 0,698841 0,930432 0,996231 0,995251 0,812055 0,875835 0,855394 0,906039 0,844262
26,7805 0,8648 0,679281 0,587076 0,665386 0,896203 0,998681 0,987591 0,81443 0,89506 0,858717 0,899955 0,880692
26,8498 0,862661 0,709486 0,624121 0,648205 0,859548 0,993655 0,971965 0,829572 0,913752 0,874104 0,898152 0,925319
26,9195 0,853639 0,740468 0,660748 0,641291 0,823309 0,982034 0,956339 0,836105 0,933778 0,880399 0,905813 0,952641
26,9895 0,839604 0,774846 0,694172 0,643595 0,7861 0,961178 0,933053 0,839667 0,946328 0,888967 0,906039 0,965847
27,0599 0,822562 0,820047 0,722373 0,655329 0,752009 0,935926 0,907775 0,849466 0,959413 0,893688 0,913024 0,990437
27,1306 0,800241 0,867157 0,739851 0,67705 0,718819 0,904956 0,874224 0,845012 0,963685 0,900682 0,912573 0,993625
27,2017 0,774711 0,910448 0,753638 0,70352 0,69048 0,864502 0,835465 0,8462 0,970628 0,910124 0,912799 1
27,2731 0,74477 0,946452 0,77237 0,730689 0,670316 0,822413 0,785676 0,845309 0,958612 0,918167 0,919333 0,990892
27,3449 0,710352 0,968098 0,801267 0,753457 0,663041 0,780074 0,733282 0,844418 0,950601 0,92761 0,920234 0,974044
27,4171 0,675332 0,977294 0,84249 0,769521 0,670455 0,734657 0,682114 0,842043 0,930841 0,941598 0,916854 0,956284
27,4896 0,637372 0,970008 0,886359 0,777762 0,689925 0,680696 0,636997 0,843527 0,915888 0,947368 0,910545 0,917122
27,5626 0,600414 0,949494 0,930785 0,787889 0,717295 0,631886 0,61172 0,844715 0,902804 0,960308 0,915953 0,872951
27,6358 0,56633 0,914409 0,96205 0,806677 0,743625 0,59118 0,597242 0,844715 0,896929 0,964155 0,919108 0,831056
27,7095 0,534786 0,866662 0,982383 0,840131 0,766075 0,562975 0,603677 0,853919 0,8996 0,974646 0,921136 0,788251
27,7836 0,513801 0,803353 0,988998 0,881198 0,779448 0,544004 0,614247 0,855404 0,884913 0,980416 0,912348 0,735883
27,858 0,506984 0,733112 0,986491 0,924989 0,795524 0,536152 0,645423 0,873515 0,894259 0,998776 0,928797 0,714025
27,9329 0,509523 0,648865 0,967621 0,957117 0,812916 0,53433 0,677901 0,885392 0,892657 0,995978 0,920234 0,688525
28,0081 0,518746 0,566245 0,939767 0,980723 0,83987 0,544067 0,719724 0,88747 0,899333 0,994405 0,934205 0,681239
28,0837 0,535989 0,495862 0,900146 0,994622 0,875624 0,567561 0,764152 0,907363 0,902537 0,995454 0,926318 0,691712
28,1597 0,560382 0,453632 0,852378 1 0,915674 0,609083 0,802758 0,91924 0,912417 1 0,936007 0,700364
28,2361 0,59587 0,436868 0,794931 0,99574 0,949072 0,6692 0,840215 0,932304 0,918558 0,997727 0,939838 0,717213
28,313 0,635501 0,443376 0,735255 0,980235 0,974917 0,743702 0,875527 0,934382 0,927637 0,991782 0,945922 0,718124
28,3902 0,677137 0,463535 0,678435 0,957676 0,992863 0,812048 0,903562 0,941508 0,947664 0,984438 0,941415 0,735428
28,4678 0,72305 0,498125 0,629065 0,92471 1 0,866512 0,933436 0,935273 0,956475 0,979892 0,935106 0,760018
28,5459 0,765421 0,551036 0,594875 0,886646 0,997228 0,909228 0,960858 0,942696 0,964486 0,976919 0,933754 0,782787
28,6243 0,800575 0,602886 0,578581 0,841668 0,983509 0,942082 0,980697 0,947447 0,970094 0,979192 0,921586 0,804189
28,7032 0,827307 0,648794 0,58067 0,794594 0,96196 0,969722 0,992034 0,949822 0,965821 0,977094 0,916179 0,830601
28,7825 0,845419 0,68777 0,598635 0,750314 0,935976 0,991143 0,999694 0,962886 0,973031 0,974996 0,910996 0,854281
28,8622 0,851834 0,718328 0,624887 0,710225 0,90237 0,999309 0,995098 0,970309 0,972764 0,965903 0,897927 0,868397
28,9424 0,851834 0,749593 0,659216 0,680612 0,86717 1 0,98537 0,977435 0,977036 0,968526 0,895223 0,892076
29,023 0,84201 0,789489 0,691178 0,659589 0,826705 0,992273 0,966143 0,980107 0,973298 0,961007 0,891843 0,900273
29,104 0,826572 0,839004 0,719309 0,656446 0,7861 0,971795 0,938261 0,965558 0,976769 0,955936 0,896124 0,915756
29,1855 0,804585 0,884841 0,740408 0,668669 0,747506 0,943275 0,901494 0,944477 0,966355 0,950691 0,899054 0,90255
29,2674 0,77832 0,922756 0,761228 0,691647 0,71286 0,906527 0,864343 0,926663 0,952203 0,941248 0,902208 0,887067
29,3497 0,749449 0,944967 0,788455 0,717558 0,685075 0,864187 0,818843 0,904394 0,933511 0,941598 0,910996 0,855191
29,4325 0,717035 0,952041 0,829887 0,739978 0,673919 0,821031 0,779242 0,910333 0,926035 0,942472 0,919333 0,839709
29,5158 0,677204 0,938106 0,874034 0,754435 0,677176 0,771217 0,724014 0,905879 0,912417 0,940724 0,922488 0,819217
29,5995 0,636637 0,910943 0,916371 0,770568 0,695676 0,721716 0,67522 0,89519 0,906008 0,942123 0,931951 0,801913
29,6836 0,596338 0,866945 0,943458 0,795153 0,718265 0,668007 0,640368 0,873812 0,889453 0,93915 0,93781 0,784153
29,7683 0,560583 0,810356 0,955296 0,830842 0,74023 0,620579 0,621831 0,856295 0,877437 0,938101 0,947274 0,773679
29,8533 0,531177 0,741317 0,95453 0,874563 0,757483 0,583705 0,62229 0,851841 0,870761 0,941248 0,94795 0,762295
29,9389 0,510994 0,664356 0,939837 0,915561 0,77342 0,561342 0,636002 0,838183 0,856609 0,943871 0,945246 0,748634
30,0249 0,505313 0,585485 0,912889 0,945733 0,797741 0,5555 0,662888 0,848575 0,848064 0,941948 0,941415 0,729508
30,1115 0,514135 0,523591 0,876541 0,967873 0,833564 0,566493 0,706243 0,863124 0,855541 0,952614 0,941415 0,727687
30,1985 0,530174 0,483059 0,829608 0,974787 0,873545 0,586909 0,749981 0,863124 0,856876 0,95174 0,936233 0,721767
30,2859 0,555036 0,46778 0,776826 0,970317 0,910615 0,627678 0,789736 0,867874 0,861949 0,957335 0,938937 0,723588
30,3739 0,59039 0,47167 0,721189 0,954323 0,939995 0,687355 0,821524 0,875891 0,866222 0,955587 0,938937 0,733607
30,4624 0,626813 0,495367 0,672028 0,927434 0,959604 0,76104 0,847951 0,885095 0,883044 0,954712 0,936007 0,739982
30,5513 0,667513 0,540001 0,630179 0,893211 0,969582 0,824926 0,873918 0,909442 0,887583 0,950166 0,933303 0,746812
30,6408 0,707679 0,592417 0,600237 0,850189 0,96681 0,874992 0,896821 0,921021 0,894259 0,951215 0,915953 0,74408
30,7308 0,745372 0,636486 0,587772 0,803045 0,953575 0,910359 0,912907 0,92399 0,898799 0,944046 0,899504 0,747268
30,8213 0,774644 0,67433 0,595641 0,757648 0,930155 0,940951 0,928303 0,935273 0,912417 0,940199 0,893646 0,76275
30,9123 0,791753 0,712315 0,61674 0,716022 0,898212 0,963126 0,934814 0,935867 0,923632 0,930058 0,879676 0,778233
31,0038 0,800107 0,753837 0,646473 0,682358 0,861073 0,973742 0,935504 0,937945 0,927637 0,924462 0,878098 0,775956
31,0958 0,801711 0,802858 0,676972 0,662453 0,823171 0,973742 0,929529 0,934679 0,93725 0,922014 0,869986 0,780055
31,1884 0,793825 0,85301 0,70016 0,661196 0,7852 0,962184 0,915894 0,937945 0,938852 0,922539 0,876296 0,788707
31,2815 0,777451 0,888732 0,725298 0,673488 0,749238 0,939569 0,89414 0,931413 0,944192 0,921839 0,878774 0,781421
31,3751 0,756733 0,91066 0,762482 0,698212 0,71778 0,91061 0,87116 0,9231 0,951135 0,923413 0,881704 0,775956
31,4692 0,729199 0,911084 0,807604 0,718396 0,694498 0,871851 0,838912 0,914786 0,949266 0,916069 0,893646 0,756831
31,564 0,698723 0,892764 0,857322 0,737324 0,6875 0,827941 0,800766 0,904988 0,941255 0,905053 0,900406 0,73224
31,6592 0,666377 0,85782 0,896943 0,759184 0,699972 0,780828 0,765377 0,897565 0,932176 0,898409 0,91032 0,712659
31,755 0,637907 0,812195 0,924936 0,796899 0,725055 0,736918 0,728074 0,895487 0,918825 0,895436 0,927895 0,702186
31,8514 0,611508 0,75122 0,933709 0,846068 0,749861 0,690747 0,687399 0,890736 0,904139 0,895261 0,945471 0,668033
31,9483 0,594199 0,68876 0,93169 0,899008 0,77834 0,655883 0,674378 0,904394 0,905207 0,9089 0,971609 0,675319
32,0459 0,583506 0,62347 0,910661 0,938679 0,806056 0,631698 0,670395 0,900535 0,89239 0,917993 0,988734 0,67623
32,1439 0,580499 0,567023 0,87856 0,962285 0,838553 0,626358 0,681808 0,895487 0,891589 0,934604 1 0,677596
32,2426 0,58658 0,52932 0,837477 0,971644 0,879435 0,634964 0,713367 0,892518 0,898264 0,947368 0,999099 0,686703
32,3418 0,597006 0,514607 0,785878 0,965707 0,915674 0,656637 0,751053 0,885095 0,892657 0,95716 0,992339 0,675319
32,4417 0,619795 0,52451 0,736857 0,94692 0,945053 0,698348 0,789429 0,892518 0,900668 0,966428 0,99324 0,673042
32,5421 0,645325 0,558393 0,687487 0,916748 0,961752 0,751429 0,817235 0,889846 0,895594 0,975345 0,980171 0,67031
32,6431 0,676001 0,611162 0,647239 0,878056 0,967364 0,810792 0,842436 0,884798 0,892924 0,985312 0,964173 0,65847
32,7447 0,709751 0,658485 0,626001 0,835522 0,961336 0,853634 0,866028 0,881235 0,904139 0,988809 0,957639 0,675319
32,8469 0,741562 0,697673 0,627463 0,791661 0,942004 0,887304 0,885944 0,872031 0,90761 0,992306 0,939387 0,667122
32,9498 0,770367 0,738841 0,64905 0,74759 0,916228 0,9135 0,900115 0,86728 0,913218 0,987235 0,926769 0,680328
33,0532 0,792889 0,789771 0,681011 0,716511 0,883523 0,937496 0,914975 0,859857 0,911616 0,986886 0,916404 0,677596
33,1573 0,804585 0,841975 0,712624 0,699469 0,848393 0,950939 0,916507 0,86342 0,917757 0,978318 0,909869 0,686703
33,262 0,806255 0,883356 0,740338 0,703171 0,812708 0,957912 0,916354 0,868468 0,922563 0,976919 0,908067 0,686703
33,3674 0,796431 0,906911 0,773066 0,721609 0,777023 0,950499 0,907851 0,872328 0,920427 0,973247 0,914151 0,676685
33,4734 0,779255 0,907689 0,815542 0,748917 0,747575 0,932533 0,890387 0,882126 0,924166 0,972722 0,925868 0,68306
33,58 0,755263 0,889439 0,862405 0,773432 0,726164 0,902632 0,868097 0,905582 0,925234 0,973072 0,939612 0,67623
33,6873 0,72031 0,851949 0,897709 0,794245 0,722492 0,863245 0,837763 0,913005 0,930841 0,967477 0,946372 0,674408
33,7952 0,68255 0,800806 0,916928 0,820296 0,734063 0,816446 0,800077 0,9231 0,943391 0,960832 0,95516 0,659381
33,9038 0,646528 0,737002 0,918251 0,858919 0,754712 0,769835 0,763233 0,928147 0,95968 0,964679 0,958991 0,644353
34,0131 0,612177 0,667327 0,90321 0,900405 0,775152 0,723287 0,727461 0,935867 0,973298 0,96363 0,964173 0,625683
34,1231 0,584843 0,602462 0,875148 0,929529 0,800028 0,683083 0,704711 0,942399 0,985314 0,968176 0,956737 0,602914
34,2337 0,56506 0,54849 0,832672 0,940145 0,828645 0,657579 0,697817 0,945071 0,984513 0,967827 0,940514 0,583789
34,345 0,557041 0,523803 0,782815 0,939726 0,865577 0,651674 0,715205 0,968527 1 0,967477 0,93781 0,589253
34,457 0,55263 0,518144 0,720911 0,916608 0,891699 0,660217 0,737648 0,953682 0,989052 0,950516 0,915728 0,575592
34,5698 0,558177 0,545024 0,664647 0,882525 0,90722 0,687983 0,76959 0,944181 0,997597 0,948942 0,899955 0,577413
34,6832 0,57435 0,588739 0,615138 0,837268 0,912763 0,732709 0,791574 0,941508 0,99733 0,94597 0,881253 0,580146
34,7973 0,599345 0,632807 0,585266 0,789496 0,908952 0,779948 0,815856 0,945962 0,996796 0,945795 0,863452 0,578324
34,9122 0,63236 0,67532 0,58819 0,741584 0,893154 0,820529 0,832784 0,957245 0,989319 0,940024 0,853538 0,588342
35,0278 0,667045 0,723421 0,613746 0,698422 0,866754 0,856147 0,84887 0,969121 0,983979 0,933555 0,849031 0,586976
35,1441 0,697053 0,777746 0,646125 0,669297 0,833218 0,882467 0,862122 0,980404 0,981575 0,931107 0,855791 0,595173
35,2612 0,714028 0,821815 0,675162 0,653513 0,792406 0,89968 0,863654 0,973575 0,979973 0,920266 0,846553 0,582878
35,379 0,721981 0,849685 0,712903 0,664269 0,753257 0,909479 0,865952 0,976841 0,980774 0,920091 0,850608 0,57878
35,4975 0,715231 0,850746 0,75719 0,685221 0,717295 0,904077 0,854539 0,973872 0,985848 0,920441 0,849256 0,559654
35,6169 0,696852 0,828394 0,805097 0,706733 0,688193 0,884415 0,836155 0,980998 0,990921 0,919042 0,857819 0,547814
35,737 0,666043 0,784749 0,844022 0,726079 0,677938 0,855267 0,813864 0,976841 0,985047 0,918517 0,857368 0,525956
35,8578 0,628216 0,729433 0,864773 0,758416 0,688678 0,81921 0,792417 0,990499 0,990387 0,919741 0,866607 0,518215
35,9795 0,585778 0,659121 0,861918 0,80109 0,705446 0,776493 0,768441 0,985451 0,991455 0,914495 0,868635 0,502732
36,1019 0,542939 0,587819 0,842212 0,845788 0,725194 0,730134 0,747453 0,992874 0,998398 0,904878 0,874268 0,490893
36,2252 0,505714 0,5226 0,803426 0,874633 0,744665 0,680319 0,721946 0,976247 0,981842 0,895786 0,866832 0,47541
36,3492 0,483259 0,483695 0,752455 0,883713 0,776261 0,64288 0,708924 0,975356 0,977036 0,896311 0,851284 0,483151
36,4741 0,475373 0,477966 0,695007 0,875052 0,815272 0,622652 0,708694 0,97209 0,966355 0,892114 0,839342 0,478597
36,5997 0,480118 0,507958 0,640694 0,85403 0,850956 0,632515 0,724703 0,959917 0,959413 0,886344 0,825822 0,47541
36,7262 0,497427 0,560303 0,594527 0,81848 0,87306 0,668572 0,748908 0,953385 0,946328 0,881448 0,820189 0,475865
36,8536 0,528036 0,615901 0,573567 0,776226 0,880959 0,721716 0,77319 0,964074 0,947664 0,885994 0,826724 0,485883
36,9818 0,562187 0,66669 0,583037 0,729781 0,871051 0,768767 0,79211 0,978919 0,94526 0,882497 0,817485 0,481785
37,1108 0,598677 0,721369 0,611378 0,684802 0,84763 0,809222 0,81103 0,991686 0,944993 0,882322 0,80374 0,475865
37,2407 0,633295 0,772724 0,640902 0,650091 0,81153 0,83994 0,825661 0,995249 0,931909 0,874978 0,794277 0,457195
37,3715 0,663436 0,807526 0,674814 0,643665 0,773905 0,86469 0,837534 1 0,929506 0,877951 0,785714 0,458561
37,5031 0,678741 0,811771 0,714992 0,655189 0,733925 0,873736 0,840598 0,981591 0,923632 0,8783 0,78301 0,4449
37,6357 0,681414 0,791398 0,762342 0,679145 0,698448 0,875055 0,837534 0,97981 0,91749 0,875678 0,784813 0,440801
37,7691 0,666644 0,747259 0,802799 0,702752 0,670177 0,85935 0,826733 0,971793 0,908411 0,861864 0,783912 0,424408
37,9035 0,637907 0,684657 0,824177 0,733273 0,661378 0,835417 0,811107 0,976247 0,920961 0,859591 0,794727 0,433971
38,0387 0,596739 0,607272 0,819929 0,771965 0,667752 0,797789 0,78897 0,96823 0,927103 0,845078 0,788193 0,419854
38,1749 0,551427 0,533352 0,796045 0,811077 0,685075 0,755261 0,761701 0,968824 0,932443 0,833887 0,785264 0,418488
38,312 0,504845 0,475702 0,752246 0,83196 0,706347 0,705635 0,735887 0,94804 0,931375 0,820773 0,774673 0,40847
38,45 0,472432 0,457947 0,698768 0,836011 0,742378 0,667127 0,716354 0,94715 0,944993 0,825494 0,778053 0,409836
38,589 0,4594 0,47266 0,646403 0,822042 0,787278 0,645769 0,702719 0,938539 0,956742 0,829166 0,780081 0,411202
38,729 0,46361 0,514253 0,598635 0,796131 0,825665 0,645141 0,704175 0,956354 0,970895 0,84193 0,775124 0,425774
38,8699 0,477244 0,566174 0,564724 0,757438 0,844859 0,667316 0,71306 0,9519 0,970628 0,850498 0,765435 0,422587
39,0119 0,501571 0,627007 0,562496 0,713996 0,84569 0,707771 0,734355 0,951603 0,970094 0,859941 0,754619 0,414845
39,1548 0,532981 0,685365 0,581157 0,671532 0,826358 0,745461 0,757105 0,954572 0,96502 0,869558 0,745831 0,418944
39,2987 0,566798 0,735234 0,61284 0,641989 0,79594 0,785288 0,777633 0,954869 0,961282 0,867809 0,735692 0,403461
39,4436 0,599211 0,76084 0,648701 0,631373 0,757276 0,813116 0,791498 0,96734 0,956742 0,857493 0,731411 0,398452
39,5895 0,622602 0,755111 0,693824 0,637589 0,71487 0,8297 0,801609 0,959026 0,964753 0,850149 0,730284 0,386612
39,7365 0,628617 0,716842 0,735603 0,650091 0,674958 0,835291 0,802068 0,958729 0,960748 0,832313 0,727355 0,373862
39,8845 0,616454 0,657848 0,761994 0,669228 0,646203 0,827062 0,796553 0,955166 0,96235 0,8178 0,722848 0,3602
40,0336 0,591459 0,585839 0,763665 0,699958 0,63574 0,80897 0,782918 0,952494 0,964219 0,797167 0,719468 0,33561
40,1837 0,553298 0,515951 0,742567 0,741584 0,639066 0,780702 0,767292 0,953088 0,971162 0,780031 0,711131 0,325592
40,3349 0,508588 0,462333 0,7058 0,775457 0,652231 0,742006 0,748679 0,95101 0,974633 0,76412 0,706174 0,319672
40,4872 0,466551 0,442314 0,659425 0,789426 0,682165 0,700295 0,730754 0,94804 0,98024 0,760448 0,698062 0,322404
40,6406 0,44042 0,457735 0,610542 0,782861 0,727134 0,664426 0,718345 0,952791 0,984246 0,755552 0,68995 0,317851
40,7951 0,432199 0,498479 0,562635 0,757578 0,771272 0,644638 0,711452 0,959323 0,982911 0,758524 0,682965 0,309654
40,9507 0,440152 0,556412 0,538054 0,719234 0,798018 0,649224 0,710609 0,962292 0,991455 0,755901 0,693556 0,311475
41,1074 0,458798 0,624107 0,540004 0,671532 0,799681 0,675356 0,715282 0,969418 0,976502 0,754852 0,692654 0,302823
41,2653 0,491679 0,685294 0,566395 0,629208 0,782428 0,713927 0,728916 0,980701 0,976502 0,757825 0,690401 0,298725
41,4244 0,525496 0,720025 0,601212 0,598966 0,749654 0,749921 0,741019 0,989608 0,978104 0,759748 0,688148 0,293716
41,5846 0,555971 0,720025 0,646334 0,590725 0,71189 0,777122 0,75136 0,989905 0,973832 0,756776 0,683191 0,283698
41,7461 0,577625 0,685789 0,693267 0,6019 0,669623 0,793203 0,7581 0,977435 0,967957 0,750306 0,66922 0,284153
41,9087 0,587249 0,627432 0,728013 0,625506 0,635463 0,797537 0,759096 0,967637 0,956475 0,742787 0,664038 0,277322
42,0725 0,577692 0,557403 0,737762 0,662662 0,616062 0,789811 0,752815 0,959323 0,954606 0,737192 0,656827 0,270492
42,2375 0,556974 0,49084 0,721607 0,713228 0,617794 0,775865 0,747836 0,973278 0,961549 0,741913 0,66201 0,265938
42,4038 0,521754 0,448256 0,683657 0,757089 0,635116 0,753062 0,735657 0,970903 0,964219 0,738591 0,665165 0,272313
42,5713 0,481588 0,435948 0,631572 0,773572 0,667475 0,723663 0,722022 0,973278 0,970094 0,747159 0,671699 0,264572
42,7401 0,451447 0,452854 0,572662 0,762676 0,713276 0,692631 0,707851 0,980998 0,977036 0,752929 0,666291 0,256375
42,9102 0,43367 0,491476 0,524337 0,729082 0,758315 0,666562 0,699655 0,977732 0,973565 0,756601 0,653222 0,241803
43,0816 0,430462 0,552097 0,503099 0,681031 0,783329 0,658396 0,698506 0,97595 0,975701 0,755901 0,639027 0,236794
43,2543 0,442558 0,630332 0,514518 0,631652 0,781319 0,670143 0,709307 0,966152 0,986115 0,762546 0,621676 0,244536
43,4283 0,465949 0,680342 0,546828 0,589398 0,751663 0,693071 0,724014 0,960214 0,979973 0,760273 0,59982 0,231785
43,6036 0,497694 0,692933 0,600515 0,567188 0,711682 0,720271 0,741325 0,9712 0,9749 0,756776 0,590581 0,246812
43,7803 0,522756 0,662588 0,657614 0,565023 0,662555 0,744393 0,748679 0,970309 0,970895 0,745585 0,573682 0,235428
43,9583 0,544276 0,600127 0,702319 0,583811 0,620427 0,762359 0,755573 0,985154 0,953271 0,732296 0,571429 0,22541
44,1378 0,550157 0,525076 0,719449 0,623621 0,592849 0,764118 0,75879 0,997922 0,937784 0,720406 0,574132 0,226776
44,3186 0,540333 0,45915 0,70023 0,676561 0,582456 0,756706 0,753045 0,994953 0,93725 0,70904 0,57233 0,219035
44,5008 0,512397 0,41975 0,657266 0,725241 0,590771 0,734908 0,742091 0,995546 0,940187 0,691904 0,560838 0,218124
44,6845 0,473501 0,412039 0,59773 0,745076 0,616685 0,703248 0,723784 0,982185 0,953271 0,683336 0,555656 0,209472
44,8697 0,436343 0,431421 0,532275 0,734879 0,664149 0,668572 0,703409 0,991686 0,967423 0,672845 0,54822 0,20173
45,0562 0,411147 0,47358 0,482627 0,697374 0,714177 0,638985 0,683493 0,991983 0,965554 0,666375 0,547769 0,193534
45,2443 0,404732 0,541699 0,465358 0,644992 0,745358 0,624285 0,668939 0,992874 0,961282 0,666725 0,538982 0,198543
45,4339 0,414623 0,604301 0,477126 0,586395 0,745358 0,632012 0,658368 0,989608 0,94526 0,657283 0,529292 0,190801
45,625 0,44209 0,626088 0,522944 0,543372 0,718334 0,662227 0,658675 0,990796 0,948999 0,651338 0,5169 0,189891
45,8176 0,471296 0,604442 0,589165 0,524026 0,675444 0,689867 0,669169 0,993765 0,959146 0,641546 0,511717 0,194444
46,0118 0,494887 0,5533 0,644593 0,534083 0,629781 0,714743 0,682038 0,998812 0,969292 0,629481 0,511942 0,18898
46,2075 0,507786 0,484898 0,667015 0,568655 0,58689 0,724669 0,688472 0,996437 0,962884 0,622486 0,50676 0,188525
46,4049 0,507585 0,428875 0,657684 0,622573 0,561322 0,727056 0,692455 0,981888 0,966622 0,616192 0,504507 0,188525
46,6038 0,48787 0,394002 0,61298 0,666853 0,552869 0,712419 0,686787 0,955166 0,947931 0,607799 0,498648 0,175774
46,8044 0,454521 0,385655 0,551633 0,683685 0,573933 0,686412 0,677748 0,934976 0,942857 0,609197 0,495719 0,163024
47,0066 0,416962 0,404541 0,492097 0,670066 0,61523 0,651109 0,667331 0,920131 0,930841 0,608498 0,497972 0,157559
47,2105 0,389093 0,453066 0,455818 0,634097 0,657497 0,620579 0,663194 0,925178 0,915354 0,614618 0,497296 0,154827
47,4161 0,376128 0,517649 0,44412 0,585417 0,680363 0,599033 0,657832 0,927256 0,908411 0,610946 0,503155 0,157559
47,6234 0,384148 0,558817 0,464035 0,536458 0,677869 0,597148 0,658368 0,933195 0,911883 0,613569 0,498197 0,153005
47,8325 0,409343 0,548631 0,51431 0,503911 0,651815 0,614235 0,663347 0,93171 0,904673 0,615842 0,494592 0,150273
48,0433 0,440553 0,495862 0,570643 0,497276 0,612736 0,639362 0,663041 0,942399 0,904139 0,613044 0,481749 0,148452
48,2558 0,461939 0,434816 0,598635 0,519416 0,573032 0,659087 0,661892 0,941805 0,89506 0,615492 0,468004 0,145264
48,4702 0,46468 0,385867 0,585683 0,566909 0,540881 0,669828 0,654156 0,949525 0,875033 0,615317 0,453583 0,145719
48,6863 0,452583 0,363656 0,542163 0,609024 0,52737 0,66562 0,637457 0,958135 0,869159 0,604826 0,439162 0,150729
48,9044 0,424915 0,364009 0,487292 0,625227 0,541574 0,651172 0,623209 0,958432 0,860881 0,58839 0,430599 0,144353
49,1242 0,387088 0,388979 0,442657 0,607906 0,576358 0,629248 0,605285 0,94715 0,849399 0,574751 0,416629 0,139344
49,346 0,358484 0,435594 0,421349 0,568445 0,614884 0,607513 0,589123 0,938836 0,838985 0,565658 0,398378 0,129326
49,5697 0,344784 0,483129 0,423717 0,518927 0,635671 0,589107 0,578399 0,94804 0,842991 0,558489 0,395223 0,133424
49,7953 0,34993 0,491335 0,448367 0,479816 0,623476 0,579622 0,576331 0,93943 0,848598 0,551145 0,388463 0,130692
50,0229 0,369044 0,455189 0,49342 0,463193 0,58987 0,587411 0,57771 0,938242 0,861682 0,538905 0,387111 0,132514
50,2525 0,3921 0,39577 0,524685 0,46899 0,543792 0,600666 0,579395 0,933195 0,858745 0,531212 0,378774 0,122951
50,4841 0,40941 0,349013 0,520577 0,502025 0,501317 0,608644 0,577939 0,940321 0,861682 0,526491 0,374268 0,136612
50,7177 0,40961 0,324326 0,479423 0,542674 0,483093 0,608832 0,575871 0,943587 0,850467 0,509355 0,372014 0,143898
50,9534 0,390764 0,32277 0,425527 0,561182 0,488775 0,595389 0,571429 0,946259 0,843525 0,49117 0,364804 0,136157
51,1912 0,35942 0,345689 0,388274 0,546515 0,520579 0,574596 0,561854 0,945071 0,834713 0,486274 0,365931 0,139344
51,4311 0,327207 0,381481 0,374138 0,502025 0,552245 0,54859 0,550134 0,934976 0,83231 0,482427 0,367508 0,127049
51,6732 0,308561 0,41494 0,386394 0,45579 0,572339 0,52987 0,54301 0,936164 0,834446 0,494492 0,380802 0,133424
51,9174 0,302546 0,413171 0,416475 0,422056 0,5625 0,520887 0,528916 0,918646 0,828304 0,49659 0,377422 0,127505
52,1639 0,311969 0,374549 0,450804 0,411021 0,521757 0,523965 0,522865 0,904691 0,813885 0,498514 0,377422 0,123862
52,4126 0,327875 0,326661 0,464522 0,423662 0,472977 0,534204 0,515588 0,890736 0,799466 0,503235 0,378324 0,123406
52,6635 0,342378 0,293839 0,441543 0,45579 0,440687 0,540235 0,511452 0,880641 0,780507 0,508306 0,37562 0,125228
52,9168 0,345786 0,281814 0,396003 0,481003 0,430779 0,536089 0,50609 0,858967 0,759413 0,515475 0,375394 0,127505
53,1724 0,33389 0,292707 0,354502 0,479396 0,445191 0,520699 0,499809 0,841449 0,740187 0,519147 0,372916 0,115665
53,4303 0,314643 0,321143 0,330061 0,44699 0,474986 0,49978 0,491306 0,827791 0,724166 0,519322 0,379225 0,107923
53,6907 0,294727 0,346042 0,331593 0,402011 0,495288 0,472391 0,481042 0,815618 0,715087 0,52072 0,379225 0,105647
53,9534 0,279957 0,348801 0,353945 0,368557 0,4912 0,451473 0,476599 0,806413 0,707076 0,520546 0,377197 0,111111
54,2187 0,275212 0,321426 0,382982 0,357731 0,459604 0,443809 0,465722 0,792755 0,690254 0,513202 0,363903 0,1102
54,4864 0,27842 0,282804 0,393218 0,368976 0,41207 0,443872 0,45316 0,774347 0,678238 0,503585 0,350608 0,10929
54,7566 0,285371 0,257622 0,375044 0,395935 0,382622 0,448835 0,443355 0,77019 0,666222 0,504284 0,342046 0,112933
55,0295 0,28918 0,249629 0,337581 0,414583 0,371674 0,451222 0,432555 0,755344 0,655274 0,496765 0,330104 0,11612
55,3049 0,283432 0,259602 0,301302 0,40718 0,382206 0,439412 0,42298 0,740499 0,646996 0,488897 0,313655 0,118852
55,5829 0,270534 0,279762 0,281875 0,374843 0,401885 0,417112 0,410647 0,730404 0,635247 0,476832 0,298107 0,124317
55,8637 0,259239 0,291434 0,285217 0,334684 0,41304 0,392927 0,398774 0,725653 0,627236 0,464767 0,28594 0,130692
56,1471 0,25269 0,279904 0,302973 0,308074 0,401746 0,371631 0,386136 0,721793 0,624833 0,452876 0,270167 0,125683
56,4334 0,250618 0,248851 0,319825 0,302556 0,37008 0,358377 0,376178 0,694181 0,610681 0,438014 0,253267 0,121129
56,7224 0,251888 0,219566 0,314741 0,313731 0,332733 0,350336 0,36622 0,675475 0,604806 0,416331 0,240198 0,122951
57,0142 0,251687 0,206267 0,2903 0,329585 0,308966 0,349771 0,357105 0,658551 0,598131 0,398147 0,219694 0,11612
57,3089 0,249348 0,209592 0,259522 0,33182 0,304254 0,344117 0,346151 0,644596 0,596529 0,373317 0,201442 0,113388
57,6066 0,238054 0,222749 0,238006 0,312893 0,312292 0,33281 0,334661 0,629157 0,594126 0,344291 0,187697 0,113388
57,9072 0,223017 0,229752 0,232992 0,284258 0,319221 0,314718 0,322099 0,5962 0,577837 0,310544 0,167418 0,109745
58,2108 0,212858 0,224022 0,243367 0,261 0,315064 0,297632 0,317656 0,565915 0,559413 0,291659 0,164263 0,114299
58,5174 0,206844 0,201316 0,25228 0,24766 0,29587 0,283498 0,303715 0,528504 0,526302 0,263508 0,154349 0,108379
58,8272 0,206376 0,179953 0,249217 0,247451 0,269193 0,274703 0,29483 0,492577 0,50494 0,241126 0,147814 0,103825
59,1401 0,203502 0,167221 0,22958 0,251292 0,248337 0,266034 0,283033 0,464074 0,474499 0,219444 0,136323 0,102459
59,4562 0,199091 0,165311 0,205 0,249756 0,237043 0,259187 0,273305 0,426663 0,449399 0,198986 0,123704 0,102004
59,7755 0,187797 0,169343 0,186477 0,237114 0,233786 0,249827 0,26373 0,389252 0,416288 0,178353 0,118522 0,0928962
60,0981 0,176235 0,173304 0,182508 0,218815 0,234132 0,236824 0,254768 0,356591 0,39733 0,168036 0,118522 0,101093
60,4241 0,160262 0,163825 0,183762 0,200936 0,228451 0,222313 0,247568 0,322744 0,35968 0,155796 0,10703 0,0992714
60,7534 0,14997 0,150881 0,186547 0,191088 0,216671 0,211634 0,238223 0,29038 0,328705 0,144955 0,105678 0,100638
61,0862 0,143821 0,138077 0,178539 0,185571 0,200665 0,206357 0,223899 0,254454 0,286782 0,13324 0,100496 0,0979053
61,4225 0,138675 0,131428 0,164752 0,18145 0,188539 0,200264 0,208809 0,229216 0,253405 0,124148 0,0959892 0,098816
61,7623 0,132126 0,130792 0,150547 0,174186 0,179324 0,190527 0,19211 0,199822 0,220561 0,114705 0,0890041 0,0933515
62,1058 0,12424 0,130155 0,142678 0,164827 0,174473 0,181607 0,179242 0,172803 0,191188 0,105438 0,0867508 0,0887978
62,4529 0,113279 0,126264 0,139753 0,15484 0,169554 0,171242 0,167982 0,144299 0,162884 0,10299 0,0892294 0,0906193
62,8037 0,102119 0,1182 0,138222 0,147576 0,163941 0,159997 0,159556 0,125594 0,138852 0,0982689 0,0844975 0,0924408
63,1584 0,0938315 0,111763 0,135158 0,142408 0,15625 0,153464 0,149521 0,114014 0,120961 0,092149 0,0863001 0,0992714
63,5168 0,0883513 0,107166 0,127916 0,13724 0,149113 0,147371 0,141938 0,100356 0,10494 0,0841056 0,0831455 0,0774135
63,8792 0,0841409 0,106105 0,121858 0,133468 0,142531 0,145612 0,135121 0,0932304 0,0987984 0,0785102 0,0820189 0,0783242
64,2456 0,0785938 0,102426 0,115173 0,127322 0,136225 0,139393 0,126771 0,0789786 0,0875835 0,0765868 0,0718792 0,068306
64,616 0,0757869 0,101365 0,112597 0,122992 0,131998 0,134368 0,119341 0,0682898 0,0803738 0,0688932 0,068274 0,0692168
64,9905 0,0738488 0,0990309 0,111065 0,122084 0,130405 0,1284 0,114669 0,0668052 0,0739653 0,067844 0,0698513 0,0701275
65,3691 0,0708414 0,0969796 0,109602 0,121525 0,128465 0,124757 0,108771 0,0644299 0,0723632 0,0636475 0,0705273 0,0724044
65,752 0,0715765 0,0964844 0,108279 0,121316 0,127494 0,122558 0,105783 0,0584917 0,0731642 0,060675 0,0730059 0,0783242
66,1392 0,0681013 0,0937257 0,105216 0,117195 0,124099 0,118852 0,101341 0,0480998 0,0619493 0,0519322 0,0687246 0,0651184
66,5308 0,0695716 0,0959185 0,10633 0,116636 0,124931 0,122935 0,104711 0,0525534 0,0688919 0,0564784 0,0750338 0,0842441
66,9269 0,0681013 0,0932305 0,103266 0,112516 0,121535 0,121176 0,102796 0,0510689 0,0672897 0,058227 0,0730059 0,0837887
67,3275 0,0661632 0,0925939 0,100132 0,11056 0,115784 0,118538 0,0981999 0,0442399 0,0606141 0,0601504 0,0703019 0,0819672
67,7327 0,0629553 0,0904718 0,0977648 0,107347 0,110103 0,112821 0,0929912 0,0391924 0,0547397 0,0591013 0,0660207 0,0796904
68,1426 0,060683 0,0888449 0,0953972 0,10616 0,106361 0,109617 0,0921486 0,0415677 0,0558077 0,0608498 0,0698513 0,0787796
68,5573 0,0574083 0,0853788 0,0922638 0,103087 0,103312 0,104466 0,0883187 0,0374109 0,0534045 0,0632978 0,068274 0,079235
68,9768 0,0548018 0,0840348 0,0896177 0,0998044 0,103243 0,0998178 0,0853313 0,0377078 0,0491322 0,0587515 0,06895 0,0769581
69,4013 0,0523291 0,0814883 0,0856486 0,0958933 0,10158 0,0968026 0,0786672 0,0320665 0,0443258 0,0575275 0,0664714 0,0710382
69,8308 0,0518612 0,0784466 0,0811225 0,0920519 0,0995011 0,0937873 0,0729989 0,0320665 0,0443258 0,0608498 0,0630915 0,0655738
70,2654 0,0511929 0,0772441 0,0773623 0,0893979 0,0972145 0,0909605 0,0697051 0,0388955 0,046462 0,0617241 0,066922 0,064663
70,7052 0,0499231 0,0722926 0,0728361 0,0852772 0,093265 0,0878196 0,0633474 0,0350356 0,0413885 0,0596258 0,0590356 0,0582878
71,1504 0,047985 0,0691802 0,0703294 0,0824836 0,0881375 0,0860607 0,0614324 0,0314727 0,0419226 0,0503585 0,0549797 0,0573771
71,6009 0,0461806 0,0679776 0,0693545 0,077874 0,0853659 0,0844902 0,060743 0,0320665 0,0405875 0,0505333 0,0531771 0,0541894
72,0569 0,042839 0,0650775 0,066987 0,0758486 0,0812084 0,0843646 0,06036 0,0347387 0,0445928 0,0512327 0,0540784 0,0564663
72,5185 0,0403662 0,063592 0,0664996 0,0724962 0,0791297 0,0834851 0,0583684 0,0255345 0,0408545 0,050883 0,0504732 0,0528233
72,9859 0,0406336 0,0623895 0,0646195 0,0702612 0,076566 0,0809724 0,0568365 0,0261283 0,0397864 0,0510579 0,0534024 0,0551002
73,459 0,0386954 0,0606918 0,0610682 0,0675373 0,0746258 0,0807212 0,0534661 0,0106889 0,035514 0,048435 0,0547544 0,0514572
73,9381 0,0378266 0,060904 0,0597452 0,0669786 0,0735172 0,0795904 0,0517043 0,0175178 0,0373832 0,0535059 0,055205 0,0496357
74,4231 0,0361559 0,0584282 0,0571687 0,0657913 0,0721314 0,0755072 0,0550747 0,0124703 0,035247 0,0540304 0,0592609 0,0500911
74,9143 0,0328143 0,0574379 0,0541745 0,0639754 0,0681125 0,0707331 0,0546917 0,0121734 0,0307076 0,0554293 0,0583596 0,041439
75,4118 0,0314108 0,0558817 0,0533389 0,0630674 0,0667267 0,0680319 0,0572195 0,0195962 0,0312416 0,0514076 0,0594862 0,0491803
75,9157 0,0312771 0,0524864 0,0522248 0,0615309 0,0655488 0,0667127 0,0551513 0,0204869 0,0280374 0,0505333 0,0538531 0,0387067
76,426 0,0295395 0,0494447 0,0513892 0,0595754 0,0647173 0,0643885 0,0517809 0,0207839 0,0272363 0,0430145 0,0484452 0,0286885
76,943 0,0298069 0,0470397 0,0514588 0,0588071 0,0638858 0,0642628 0,0521639 0,0249406 0,0315087 0,043714 0,0504732 0,037796
77,4667 0,0287375 0,0452005 0,0495091 0,0567817 0,0612528 0,064891 0,0517809 0,030285 0,0285714 0,0402168 0,0497972 0,0309654
77,9973 0,0300073 0,0445639 0,0496484 0,056642 0,0590355 0,0669012 0,0533895 0,0374109 0,0365821 0,0417905 0,0534024 0,0382514
78,5349 0,0295395 0,0418759 0,0484646 0,0551055 0,0577189 0,0636346 0,0532363 0,0341449 0,0371161 0,04249 0,0534024 0,0286885
79,0797 0,0292054 0,0405319 0,0473505 0,052661 0,0567489 0,0614988 0,0513979 0,0368171 0,0395193 0,0444134 0,0527265 0,0409836
79,6318 0,0291385 0,0403905 0,0426851 0,0516832 0,0551552 0,0578554 0,0481808 0,0368171 0,0347129 0,0426648 0,0491212 0,0359745
80,1914 0,0286039 0,0400368 0,0420584 0,051334 0,0535615 0,0544632 0,046036 0,0388955 0,0339119 0,043714 0,0468679 0,0400729
80,7585 0,0272004 0,0386221 0,0412228 0,0502863 0,0524529 0,0522018 0,0447338 0,0347387 0,0315087 0,0407414 0,0439387 0,0332423
81,3334 0,0247945 0,0356511 0,0380197 0,0474228 0,050097 0,0483699 0,0425125 0,023753 0,0208278 0,0416157 0,0407841 0,0255009
81,9163 0,024193 0,0335998 0,0377411 0,0460958 0,0482954 0,0477417 0,0402911 0,0210808 0,0157543 0,0354957 0,0401082 0,0318761
82,5072 0,0221881 0,0314069 0,0339809 0,0423942 0,0455931 0,0453546 0,0361547 0,0097981 0,0112149 0,0335723 0,0365029 0,0259563
83,1063 0,0211188 0,0311947 0,0321008 0,039391 0,0439301 0,0432816 0,0346228 0,00950119 0,0112149 0,0311243 0,0362776 0,0309654
83,7139 0,0187796 0,0294263 0,0300815 0,0347115 0,0383869 0,0420881 0,0314822 0,00178148 0,0104139 0,0286764 0,0306444 0,0286885
84,3301 0,0181782 0,0302752 0,0299422 0,0339433 0,0375554 0,0442239 0,0339334 0,00950119 0,0184245 0,0340969 0,0322217 0,0368852
84,9551 0,0151708 0,028436 0,0281318 0,0316385 0,0340909 0,0434072 0,0327844 0 0,0221629 0,0300752 0,0283912 0,0327869
85,589 0,0128985 0,0266676 0,0257642 0,0294734 0,0313193 0,0405804 0,032478 0,00415678 0,0277704 0,0272775 0,0261379 0,03051
86,2321 0,0107599 0,024687 0,0242323 0,027867 0,0309728 0,0379421 0,0299502 0,00831356 0,0336449 0,0286764 0,0223073 0,0327869
86,8846 0,00855443 0,0232723 0,02277 0,0255622 0,0287555 0,0357434 0,0283416 0,0148456 0,0309746 0,0281518 0,0207301 0,0227687
87,5466 0,00755194 0,0229186 0,0227004 0,0263305 0,0288941 0,033482 0,027116 0,0228622 0,0360481 0,032698 0,023434 0,0295993
88,2184 0,00360888 0,0205135 0,0192884 0,0240257 0,0259839 0,0321 0,0262735 0,0228622 0,0256342 0,0300752 0,0135196 0,0195811
88,9002 0,00213861 0,0200891 0,0190098 0,0237463 0,026469 0,0290219 0,0277288 0,0279097 0,0248331 0,032698 0,0175755 0,0218579
89,5923 0,00133661 0,0195232 0,015946 0,0215812 0,0257761 0,027954 0,0260437 0,0228622 0,0242991 0,0292009 0,0153222 0,0191257
90,2947 0 0,0176841 0,0146926 0,0215114 0,024321 0,0291476 0,0230563 0,0255345 0,0248331 0,0264032 0,0207301 0,00910747
91,0079 6,01474E-4 0,0176134 0,0158763 0,0216511 0,0227966 0,0293988 0,0232095 0,027019 0,0242991 0,0271027 0,0254619 0,0118397
91,732 4,67813E-4 0,0158449 0,0137874 0,0203241 0,0206485 0,0267605 0,0182306 0,0175178 0,0168224 0,0216821 0,021406 0,00546448
92,4674 0,00160393 0,0149961 0,0137177 0,0202542 0,0194706 0,0263836 0,017005 0,0142518 0,0202937 0,0192341 0,0245606 0,00455373
93,2141 0,00307424 0,0149254 0,0135785 0,0187875 0,0185698 0,0248759 0,0160092 0,0121734 0,0149533 0,0199336 0,0256873 0,00637523
93,9726 0,00507918 0,0158449 0,0139266 0,0193463 0,019332 0,0241221 0,0141708 0,0175178 0,0170895 0,0223815 0,0290671 0,0141166
94,743 0,0038762 0,0133692 0,012325 0,0182986 0,0179462 0,020353 0,0104941 0,0166271 0,011749 0,019409 0,0265885 0,0168488
95,5258 0,00441088 0,012874 0,0137874 0,0180891 0,0180155 0,0197877 0,00957488 0,0148456 0,0173565 0,0241301 0,0288418 0,0204918
96,3211 0,0032079 0,0116008 0,0133695 0,0164129 0,0160061 0,0195992 0,00834929 0,0210808 0,0170895 0,0236055 0,0310951 0,0195811
97,1293 0,00180446 0,00997383 0,0123947 0,0152256 0,0138581 0,016898 0,00704711 0,0181117 0,0197597 0,0159119 0,022758 0,0122951
97,9507 4,67813E-4 0,0093372 0,0116984 0,0139684 0,0115715 0,0151391 0,0081195 0,0181117 0,0178905 0,0146879 0,0243353 0,0150273
98,7856 4,00983E-4 0,00877131 0,0112806 0,01327 0,00900776 0,0143225 0,00957488 0,0118765 0,0210948 0,0115405 0,0200541 0,0159381
99,6344 0,00173763 0,00728584 0,0108628 0,0130605 0,00769124 0,0149507 0,00842589 0,0121734 0,0213618 0,0104914 0,021406 0,0200364
100,497 0,00247276 0,00806394 0,00988789 0,0118732 0,00616684 0,0135687 0,00773651 0,00593826 0,0200267 0,00821822 0,0236593 0,0195811
101,375 0,00160393 0,00594185 0,00786853 0,009289 0,00450388 0,0107419 0,00505553 0,00712589 0,0197597 0,00594511 0,0180261 0,0214026
102,267 0,00133661 0,00459786 0,00550101 0,00684453 0,00450388 0,00829197 0,00229797 0,00682898 0,0154873 0,00524568 0,0126183 0,0209472
103,175 0,00220544 0,00212209 0,00348165 0,00516831 0,00401884 0,0065959 0,00199158 0,00771971 0,0168224 0,00384683 0,0108157 0,00956283
104,099 0,0038762 0,00169768 0,00320312 0,00453974 0,00332594 0,00753817 1,53196E-4 0,0121734 0,0205608 0,00681938 0,0105903 0,0127505
105,038 0,00427722 0 0,00194973 0,00314288 0,00207872 0,0065959 0 0,00920428 0,0168224 0,00646967 0,00811176 0,00318762
105,994 0,00487869 0,00183915 0,00313349 0,002654 0,00187083 0,00772662 0,00183839 0,0115796 0,0194927 0,00961707 0,0121676 0,0150273
106,967 0,00374254 0,0023343 9,05233E-4 0 0,00180154 0,00527671 6,89399E-4 0,00445369 0,00774367 0,00594511 0,0067598 0,00591985
107,958 0,00394306 0,0048808 9,74865E-4 0,0016762 0,00214801 0,00527671 7,65997E-4 0,0103919 0,011482 0,00559538 0,00923841 0,00910747
108,966 0,00507918 0,00374902 5,57073E-4 0,00272384 0,00297948 0,00489981 0 0,0050475 0,00907876 0,00454627 0,0067598 0,0113843
109,993 0,00634899 0,0054467 0,00153194 0,00495879 0,00235587 0,00678435 0,00137878 0,00801665 0,00667556 0,00437139 0,00653447 0,00910747
111,039 0,00868809 0,00495154 0,00292459 0,00684453 0,0036031 0,00603053 0,00497893 0,0109858 0,0152203 0,00367198 0,00653447 0,00956283
112,104 0,00781927 0,00424419 7,65969E-4 0,00593658 0,00277161 0,00408317 0,00857909 0,0074228 0,012016 0,00174857 0,00540783 0,0113843
113,189 0,00815342 0,0046686 5,57073E-4 0,00460958 0,00291019 0,00244991 0,0082727 0,00326606 0,00747662 0 0 0,00409835
114,295 0,0103589 0,0052345 0,00236754 0,00558737 0,00325665 0,00125636 0,00681732 0,00712589 0,0106809 0,00594511 0,00856241 0,00728597
115,422 0,0118292 0,00551744 0,00208899 0,00412068 0,0022173 3,76918E-4 0,00298737 0,00623517 0,00347131 0,00577026 0,012393 0,00774134
116,57 0,0124306 0,00459786 0,00208899 0,00230479 5,54315E-4 1,88451E-4 0,00222137 0,00385987 0,0024032 0,00629482 0,00991438 0,00318762
117,741 0,0139009 0,00389051 0,00181047 0,00258415 0 0 9,19193E-4 0,00623517 0 0,00419654 0,011041 0
118,935 0,0165074 0,00495154 0,00257643 0,00223495 4,15736E-4 0,00169609 0,00451935 0,0130642 0,00881175 0,00909251 0,0132943 0,0118397
120,153 0,0171757 0,00580038 0,00125339 0,00293336 0,00145509 0,00301526 0,00597472 0,0192993 0,0162884 0,0125896 0,0155475 0,0182149
121,395 0,0183786 0,00587111 6,26705E-4 0,00181589 0,00145509 0,00389472 0,00413636 0,0130642 0,0197597 0,0127645 0,0132943 0,0200364
122,662 0,0187128 0,00530523 0 0,00272384 5,54315E-4 0,0031409 0,00153199 0,00712589 0,0218959 0,0122399 0,010365 0,0132058
123,955 0,0189133 0,00594185 0 0,00370163 0,00152438 0,00219863 0,00183839 0,00623517 0,0264352 0,014513 0,0139703 0,0150273
125,275 0,0203168 0,00763953 0,00139267 0,00453974 0,00166296 0,00125636 4,59606E-4 0,00653208 0,0216288 0,0125896 0,0153222 0,010929
126,623 0,0213193 0,00898352 0,00327275 0,00649531 0,0036031 0,002764 0,00459594 0,0118765 0,0184245 0,015737 0,0196034 0,0118397
127,999 0,0245272 0,0102568 0,00508322 0,00712389 0,00478104 0,00408317 0,00704711 0,0127672 0,0157543 0,0139885 0,0187021 0,00956283
